-1.9294358443957112e-7
0.0006022198715222096
0.002407582977760735
0.005411698023087363
0.009607311977433381
0.014984326599676334
0.02152978582111753
0.029227921887438953
0.03806018906289243
0.04800530972335953
0.05903932517661882
0.07113565352106006
0.08426515363963534
0.09839619541735879
0.11349473593659917
0.12952440149085043
0.1464465752117344
0.1642204901005576
0.18280332723953926
0.20215031894634816
0.22221485662336632
0.2429486030418839
0.2643016087907165
0.28622243260871333
0.30865826531125906
0.33155505701222665
0.3548576473348859
0.37850989829808473
0.4024548295575592
0.4266347556765772
0.45099142509520657
0.47546616046342627
0.5000000000000003
0.5245338395365736
0.5490085749047933
0.573365244323423
0.5975451704424413
0.6214901017019153
0.6451423526651141
0.6684449429877737
0.691341734688741
0.7137775673912868
0.7356983912092836
0.7570513969581165
0.7777851433766338
0.797849681053652
0.8171966727604609
0.8357795098994428
0.8535534247882653
0.8704755985091509
0.8865052640633975
0.9016038045826525
0.9157348463603294
0.928864346479052
0.9409606748230268
0.9519946902777591
0.9619398109335533
0.9707720781236596
0.9784702141428023
0.9850156735070341
0.9903926876314315
0.9945883028179984
0.9975924114622576
0.9993977764033566
1.0000000483590212
0.9993977764033566
0.9975924114622581
0.9945883028179983
0.9903926876314312
0.9850156735070343
0.9784702141428022
0.9707720781236596
0.961939810933553
0.9519946902777592
0.9409606748230264
0.928864346479052
0.915734846360329
0.9016038045826522
0.8865052640633976
0.8704755985091509
0.8535534247882651
0.8357795098994429
0.8171966727604607
0.7978496810536524
0.7777851433766336
0.7570513969581161
0.7356983912092834
0.7137775673912872
0.6913417346887408
0.6684449429877735
0.645142352665114
0.6214901017019153
0.5975451704424408
0.5733652443234227
0.549008574904793
0.5245338395365735
0.5000000000000001
0.47546616046342627
0.45099142509520673
0.42663475567657677
0.40245482955755874
0.37850989829808424
0.35485764733488595
0.3315550570122266
0.3086582653112587
0.28622243260871316
0.2643016087907163
0.2429486030418837
0.2222148566233663
0.20215031894634813
0.1828033272395389
0.16422049010055692
0.14644657521173432
0.12952440149084937
0.11349473593660264
0.09839619541734737
0.08426515363967069
0.07113565352094785
0.05903932517697346
0.048005309722240985
0.03806018906644678
0.02922792187634015
0.02152978585719761
0.0149843264929661
0.00960731236856863
0.005411697182001731
0.0024075885377422748
0.0006022235966431905
-4.835902117586366e-8
0.0006022235966431918
0.0024075885377422925
0.005411697182001754
0.009607312368568675
0.014984326492966101
0.02152978585719762
0.029227921876340185
0.03806018906644684
0.04800530972224096
0.059039325176973405
0.07113565352094786
0.08426515363967073
0.0983961954173475
0.11349473593660281
0.12952440149084934
0.14644657521173446
0.16422049010055711
0.18280332723953904
0.2021503189463482
0.22221485662336643
0.24294860304188365
0.26430160879071635
0.286222432608713
0.30865826531125895
0.3315550570122266
0.3548576473348862
0.3785098982980843
0.4024548295575588
0.42663475567657694
0.4509914250952069
0.4754661604634263
0.5000000000000003
0.5245338395365736
0.5490085749047933
0.573365244323423
0.5975451704424413
0.6214901017019154
0.645142352665114
0.6684449429877735
0.691341734688741
0.7137775673912872
0.7356983912092836
0.7570513969581163
0.777785143376634
0.797849681053652
0.8171966727604614
0.8357795098994428
0.8535534247882653
0.8704755985091507
0.8865052640633975
0.9016038045826524
0.9157348463603292
0.928864346479052
0.9409606748230265
0.9519946902777591
0.9619398109335533
0.9707720781236596
0.9784702141428023
0.9850156735070339
0.9903926876314316
0.9945883028179984
0.9975924114622576
0.9993977764033566
1.000000048359021
0.9993977764033567
0.9975924114622577
0.994588302817998
0.9903926876314313
0.9850156735070337
0.9784702141428023
0.9707720781236596
0.9619398109335534
0.951994690277759
0.9409606748230266
0.9288643464790518
0.9157348463603293
0.9016038045826524
0.8865052640633972
0.8704755985091507
0.8535534247882652
0.835779509899443
0.8171966727604609
0.7978496810536521
0.7777851433766336
0.7570513969581161
0.7356983912092838
0.7137775673912866
0.6913417346887413
0.6684449429877733
0.645142352665114
0.6214901017019155
0.597545170442441
0.5733652443234233
0.5490085749047933
0.5245338395365735
0.5
0.4754661604634262
0.4509914250952067
0.42663475567657694
0.4024548295575589
0.37850989829808435
0.35485764733488606
0.3315550570122264
0.308658265311259
0.28622243260871305
0.2643016087907163
0.24294860304188365
0.2222148566233662
0.20215031894634797
0.18280332723953902
0.16422049010055706
0.1464465752117344
0.12952440149084926
0.11349473593660266
0.09839619541734752
0.08426515363967076
0.07113565352094794
0.05903932517697339
0.04800530972224098
0.038060189066446745
0.029227921876340216
0.02152978585719761
0.014984326492966092
0.009607312368568635
0.005411697182001725
0.002407588537742289
0.0006022235966431912
-4.835902117170659e-8
0.0006022235966431907
0.0024075885377422904
0.005411697182001725
0.009607312368568634
0.014984326492966094
0.021529785857197607
0.029227921876340223
0.038060189066446745
0.04800530972224097
0.05903932517697339
0.07113565352094796
0.08426515363967076
0.09839619541734752
0.1134947359366026
0.12952440149084923
0.14644657521173443
0.16422049010055706
0.18280332723953904
0.20215031894634802
0.2222148566233662
0.24294860304188368
0.26430160879071635
0.28622243260871294
0.308658265311259
0.3315550570122264
0.35485764733488606
0.37850989829808435
0.40245482955755896
0.426634755676577
0.45099142509520657
0.4754661604634262
0.49999999999999994
0.5245338395365735
0.5490085749047933
0.5733652443234232
0.597545170442441
0.6214901017019158
0.645142352665114
0.6684449429877735
0.6913417346887413
0.7137775673912866
0.7356983912092838
0.7570513969581164
0.7777851433766336
0.797849681053652
0.8171966727604607
0.835779509899443
0.8535534247882656
0.8704755985091505
0.8865052640633976
0.9016038045826521
0.9157348463603293
0.928864346479052
0.9409606748230265
0.9519946902777591
0.9619398109335533
0.9707720781236596
0.9784702141428023
0.9850156735070337
0.9903926876314311
0.9945883028179983
0.9975924114622577
0.9993977764033566
1.000000048359021
0.9993977764033567
0.9975924114622577
0.994588302817998
0.9903926876314313
0.985015673507034
0.9784702141428023
0.9707720781236596
0.9619398109335534
0.951994690277759
0.9409606748230268
0.9288643464790518
0.9157348463603293
0.9016038045826524
0.8865052640633972
0.8704755985091507
0.8535534247882656
0.835779509899443
0.8171966727604614
0.797849681053652
0.7777851433766338
0.7570513969581164
0.7356983912092836
0.713777567391287
0.6913417346887412
0.6684449429877735
0.6451423526651139
0.6214901017019155
0.597545170442441
0.5733652443234232
0.5490085749047933
0.5245338395365738
0.5000000000000002
0.4754661604634264
0.4509914250952069
0.42663475567657694
0.4024548295575589
0.37850989829808435
0.35485764733488606
0.33155505701222654
0.30865826531125895
0.286222432608713
0.2643016087907165
0.2429486030418837
0.22221485662336643
0.20215031894634827
0.18280332723953896
0.164220490100557
0.14644657521173454
0.12952440149084937
0.11349473593660277
0.09839619541734751
0.08426515363967084
0.07113565352094789
0.05903932517697352
0.0480053097222411
0.038060189066446835
0.02922792187634017
0.021529785857197593
0.014984326492966124
0.009607312368568667
0.005411697182001741
0.002407588537742283
0.0006022235966431861
-4.835902117244579e-8
0.0006022235966431718
0.0024075885377422683
0.005411697182001705
0.009607312368568618
0.014984326492966075
0.02152978585719755
0.029227921876340136
0.03806018906644674
0.048005309722240944
0.05903932517697337
0.07113565352094785
0.08426515363967067
0.09839619541734738
0.11349473593660256
0.12952440149084923
0.14644657521173435
0.16422049010055698
0.18280332723953885
0.20215031894634797
0.22221485662336615
0.2429486030418834
0.26430160879071607
0.2862224326087129
0.30865826531125873
0.3315550570122263
0.35485764733488595
0.37850989829808407
0.4024548295575589
0.4266347556765769
0.4509914250952066
0.47546616046342627
0.5
0.5245338395365736
0.5490085749047928
0.5733652443234227
0.5975451704424409
0.6214901017019152
0.645142352665114
0.6684449429877732
0.6913417346887407
0.713777567391287
0.7356983912092835
0.7570513969581164
0.7777851433766338
0.797849681053652
0.817196672760461
0.8357795098994424
0.8535534247882651
0.8704755985091509
0.8865052640633972
0.9016038045826521
0.9157348463603292
0.928864346479052
0.9409606748230261
0.9519946902777592
0.9619398109335529
0.9707720781236598
0.9784702141428023
0.9850156735070341
0.9903926876314315
0.9945883028179984
0.9975924114622576
0.9993977764033566
1.000000048359021
0.9993977764033567
0.9975924114622577
0.9945883028179978
0.9903926876314315
0.9850156735070339
0.9784702141428027
0.9707720781236598
0.9619398109335534
0.9519946902777592
0.9409606748230268
0.9288643464790522
0.9157348463603293
0.9016038045826525
0.8865052640633972
0.8704755985091507
0.8535534247882653
0.835779509899443
0.8171966727604609
0.797849681053652
0.7777851433766341
0.7570513969581165
0.7356983912092835
0.7137775673912868
0.6913417346887413
0.6684449429877737
0.6451423526651142
0.6214901017019154
0.5975451704424414
0.5733652443234232
0.5490085749047932
0.5245338395365738
0.5000000000000002
0.4754661604634264
0.45099142509520684
0.4266347556765774
0.40245482955755923
0.37850989829808473
0.35485764733488556
0.3315550570122268
0.3086582653112591
0.28622243260871316
0.2643016087907166
0.2429486030418839
0.22221485662336632
0.20215031894634816
0.18280332723953896
0.1642204901005576
0.14644657521173463
0.12952440149085043
0.11349473593659905
0.09839619541735908
0.08426515363963552
0.07113565352106013
0.059039325176618855
0.04800530972335966
0.0380601890628925
0.029227921887438918
0.021529785821117465
0.014984326599676353
0.009607311977433461
0.005411698023087444
0.002407582977760762
0.0006022198715222028
-1.9294358442938849e-7
