1.1411449380394277e-10
1.6733058303863782e-5
6.693106855140449e-5
0.00015059067867426322
0.0002677062898113905
0.0004182700641495015
0.00060227192539425
0.0008196995578398959
0.0010705384086376849
0.0013547716885771513
0.0016723803733147075
0.002023343204611187
0.002407636691765013
0.002825235113181111
0.0032761105180925884
0.0037602327284327088
0.004277569340853434
0.004828085728895297
0.005411745045304514
0.006028508224499157
0.006678333985184364
0.00736117883311496
0.008076997064006672
0.008825740766595638
0.009607359825844156
0.010421801926297018
0.011269012555580413
0.012148935008052631
0.013061510388599002
0.014006677616573017
0.01498437342988587
0.015994532389239834
0.017037086882508337
0.018111967129262437
0.019219101185439135
0.02035841494815943
0.021529832160686074
0.022733274417528627
0.0239686611696916
0.02523590973006434
0.026534935278956864
0.027865650869776895
0.029227967434848304
0.03062179379137391
0.03204703664753773
0.03350360060874916
0.034991388184029165
0.036510299792533514
0.038060233770219436
0.03964108637665065
0.04125275180193822
0.04289512217382647
0.044568087564910125
0.04627153599999287
0.04800535346358367
0.04976942390752418
0.05156362925876131
0.05338784942724555
0.05524196231397081
0.057125843819148314
0.059039367850508485
0.06098240633174565
0.06295482921108694
0.06495650446999808
0.06698729813202098
0.06904707427173752
0.07113569502387121
0.07325302059251339
0.07539890926047872
0.07757321739879255
0.07977579947630369
0.08200650806942385
0.08426519387199809
0.08655170570529394
0.08886589052812509
0.09120759344708942
0.09357665772694061
0.09597292480107741
0.09839623428215558
0.10084642397282464
0.10332332987658406
0.10582678620875784
0.10835662540759372
0.11091267814547666
0.11349477334026215
0.11610273816672856
0.1187363980681425
0.12139557676794498
0.12408009628154862
0.1267897769282479
0.12952443734325192
0.13228389448981753
0.13506796367150234
0.1378764585445298
0.14070919113025504
0.143565971827754
0.14644660942650864
0.1493509111192066
0.15227868251464938
0.1552297276507554
0.1582038490076871
0.16120084752106004
0.16422052259527564
0.1672626721169433
0.1703270924684081
0.17341357854138098
0.17652192375066658
0.17965192004798927
0.18280335793592004
0.18597602648189743
0.18916971333234672
0.19238420472689172
0.19561928551266305
0.19887473915870027
0.2021503477704409
0.2054458921043083
0.20876115158238542
0.21209590430717715
0.21544992707646216
0.21882299539823596
0.22221488350573101
0.22562536437253292
0.2290542097277722
0.23250119007140627
0.23596607468957664
0.23944863167005373
0.24294862791775795
0.24646582917036328
0.25000000001397304
0.25355090389888246
0.2571183031554037
0.2607019590097826
0.2643016316001726
0.267917079992693
0.2715480621975547
0.2751943351852571
0.2788556549028541
0.2825317762902906
0.28622245329680035
0.28992743889738315
0.2936464851093284
0.29737934300882085
0.3011257627476005
0.3048854935696811
0.30865828382813865
0.3124438810019525
0.3162420317129067
0.32005248174255035
0.323874976049213
0.3277092587850749
0.33155507331328987
0.33541216222516373
0.3392802673573856
0.34315912980930346
0.347048489960254
0.3509480874869425
0.35485766138086217
0.35877694996576653
0.3627056909151871
0.36664362126998234
0.37059047745594975
0.37454599530145843
0.3785099100551342
0.38248195640358096
0.38646186848913366
0.39044937992766204
0.3944442238263909
0.3984461328017667
0.4024548389973603
0.4064700741017823
0.41049156936665726
0.41451905562459673
0.41855226330722695
0.42259092246322455
0.42663476277638684
0.4306835135837277
0.43473690389358804
0.43879466240377807
0.44285651751973537
0.44692219737270183
0.4509914298379221
0.45506394255285704
0.45913946293541164
0.4632177182021838
0.4672984353867171
0.47138134135777476
0.47546616283762155
0.4795526264203093
0.4836404585899843
0.4877293857391873
0.49181913418717044
0.49590943019821604
0.49999999999995537
0.5040905698016942
0.5081808658127404
0.5122706142607235
0.5163595414099267
0.5204473735796012
0.5245338371622891
0.5286186586421354
0.5327015646131943
0.5367822817977269
0.5408605370644997
0.5449360574470538
0.5490085701619888
0.5530778026272092
0.5571434824801755
0.5612053375961332
0.565263096106323
0.5693164864161838
0.5733652372235236
0.5774090775366865
0.5814477366926849
0.5854809443753145
0.5895084306332549
0.5935299258981296
0.5975451610025521
0.601553867198145
0.605555776173522
0.6095506200722504
0.6135381315107787
0.6175180435963328
0.6214900899447785
0.6254540046984548
0.6294095225439633
0.6333563787299311
0.6372943090847273
0.6412230500341471
0.645142338619053
0.6490519125129725
0.6529515100396607
0.6568408701906123
0.6607197326425295
0.6645878377747523
0.668444926686626
0.6722907412148412
0.6761250239507022
0.6799475182573654
0.6837579682870102
0.6875561189979641
0.6913417161717788
0.6951145064302368
0.6988742372523172
0.7026206569910971
0.7063535148905901
0.7100725611025358
0.7137775467031188
0.7174682237096289
0.7211443450970659
0.7248056648146622
0.7284519378023656
0.7320829200072281
0.7356983683997482
0.7392980409901386
0.7428816968445173
0.7464490961010397
0.7499999999859491
0.7535341708295598
0.7570513720821652
0.7605513683298702
0.7640339253103475
0.7674988099285184
0.770945790272152
0.7743746356273924
0.777785116494195
0.7811770046016903
0.784550072923464
0.7879040956927498
0.7912388484175414
0.7945541078956192
0.7978496522294876
0.8011252608412281
0.8043807144872657
0.8076157952730373
0.8108302866675834
0.8140239735180326
0.8171966420640107
0.8203480799519427
0.8234780762492652
0.8265864214585509
0.8296729075315243
0.8327373278829893
0.8357794774046579
0.8387991524788737
0.8417961509922477
0.8447702723491788
0.8477213174852869
0.850649088880729
0.8535533905734277
0.8564340281721832
0.8592908088696829
0.8621235414554086
0.8649320363284361
0.8677161055101219
0.8704755626566881
0.8732102230716923
0.8759199037183927
0.8786044232319963
0.8812636019317993
0.883897261833214
0.8865052266596806
0.8890873218544667
0.8916433745923502
0.894173213791187
0.8966766701233615
0.8991535760271216
0.9016037657177909
0.9040270751988698
0.9064233422730071
0.908792406552859
0.9111341094718239
0.9134482942946556
0.9157348061279521
0.9179934919305269
0.9202242005236477
0.9224267826011593
0.9246010907394738
0.9267469794074397
0.9288643049760829
0.9309529257282173
0.9330127018679345
0.9350434955299575
0.9370451707888694
0.9390175936682117
0.9409606321494494
0.9428741561808102
0.9447580376859879
0.9466121505727142
0.9484363707411989
0.9502305760924367
0.9519946465363781
0.9537284639999692
0.955431912435053
0.9571048778261375
0.9587472481980257
0.9603589136233146
0.961939766229746
0.9634897002074329
0.9650086118159377
0.9664963993912182
0.9679529633524308
0.9693782062085953
0.9707720325651215
0.9721343491301938
0.973465064721014
0.9747640902699076
0.976031338830281
0.9772667255824445
0.9784701678392876
0.9796415850518153
0.9807808988145362
0.9818880328707137
0.9829629131174682
0.9840054676107376
0.9850156265700922
0.9859933223834062
0.9869384896113803
0.9878510649919278
0.9887309874444005
0.989578198073685
0.9903926401741379
0.9911742592333876
0.9919230029359773
0.9926388211668696
0.9933216660148009
0.9939714917754867
0.9945882549546823
0.995171914271092
0.9957224306591345
0.9962397672715562
0.9967238894818967
0.9971747648868095
0.997592363308226
0.9979766567953805
0.9983276196266778
0.9986452283114158
0.9989294615913572
0.999180300442153
0.9993977280746168
0.9995817299358453
0.9997322937101961
0.9998494093201097
0.9999330689267842
0.9999832669307022
0.9999999999720011
0.9999832669307036
0.9999330689267871
0.9998494093201139
0.9997322937102021
0.9995817299358527
0.9993977280746256
0.9991803004421637
0.9989294615913689
0.9986452283114289
0.9983276196266923
0.9979766567953967
0.9975923633082435
0.9971747648868284
0.9967238894819176
0.9962397672715781
0.995722430659158
0.9951719142711168
0.9945882549547086
0.9939714917755144
0.99332166601483
0.9926388211669003
0.9919230029360091
0.991174259233421
0.9903926401741732
0.9895781980737213
0.9887309874444383
0.9878510649919668
0.9869384896114212
0.9859933223834477
0.9850156265701355
0.9840054676107824
0.9829629131175146
0.9818880328707611
0.9807808988145849
0.9796415850518657
0.9784701678393394
0.9772667255824977
0.9760313388303353
0.9747640902699634
0.9734650647210719
0.9721343491302523
0.9707720325651815
0.9693782062086566
0.9679529633524936
0.9664963993912827
0.9650086118160035
0.9634897002074996
0.9619397662298143
0.9603589136233842
0.958747248198097
0.9571048778262095
0.9554319124351267
0.953728464000044
0.9519946465364545
0.9502305760925142
0.9484363707412785
0.9466121505727946
0.9447580376860697
0.9428741561808932
0.9409606321495332
0.9390175936682972
0.9370451707889563
0.9350434955300454
0.9330127018680237
0.9309529257283075
0.9288643049761743
0.9267469794075327
0.9246010907395684
0.9224267826012552
0.9202242005237447
0.9179934919306252
0.9157348061280515
0.9134482942947557
0.9111341094719255
0.9087924065529618
0.9064233422731108
0.9040270751989751
0.9016037657178975
0.8991535760272289
0.8966766701234702
0.894173213791297
0.8916433745924617
0.8890873218545794
0.8865052266597943
0.8838972618333286
0.8812636019319147
0.8786044232321131
0.8759199037185106
0.8732102230718108
0.8704755626568079
0.8677161055102427
0.8649320363285582
0.8621235414555316
0.8592908088698065
0.8564340281723086
0.8535533905735546
0.8506490888808563
0.8477213174854148
0.8447702723493086
0.841796150992378
0.8387991524790052
0.8357794774047902
0.8327373278831232
0.8296729075316588
0.8265864214586864
0.823478076249401
0.8203480799520795
0.8171966420641492
0.8140239735181715
0.8108302866677236
0.8076157952731782
0.8043807144874073
0.801125260841371
0.7978496522296309
0.7945541078957634
0.7912388484176869
0.7879040956928959
0.784550072923611
0.781177004601838
0.7777851164943437
0.7743746356275418
0.7709457902723026
0.7674988099286691
0.7640339253104996
0.7605513683300227
0.7570513720823185
0.7535341708297133
0.7499999999861032
0.7464490961011953
0.7428816968446735
0.7392980409902953
0.7356983683999057
0.7320829200073863
0.7284519378025252
0.7248056648148223
0.7211443450972258
0.7174682237097899
0.7137775467032795
0.7100725611026979
0.7063535148907525
0.7026206569912603
0.6988742372524811
0.6951145064304003
0.6913417161719438
0.6875561189981304
0.6837579682871769
0.6799475182575329
0.6761250239508702
0.6722907412150094
0.6684449266867942
0.6645878377749203
0.6607197326426986
0.6568408701907813
0.6529515100398303
0.6490519125131431
0.6451423386192235
0.6412230500343186
0.6372943090848993
0.6333563787301036
0.6294095225441358
0.6254540046986278
0.6214900899449521
0.6175180435965062
0.6135381315109525
0.6095506200724249
0.6055557761736967
0.6015538671983199
0.5975451610027279
0.5935299258983044
0.5895084306334314
0.5854809443754907
0.5814477366928613
0.5774090775368641
0.5733652372237008
0.569316486416361
0.5652630961065003
0.5612053375963102
0.5571434824803531
0.5530778026273867
0.5490085701621664
0.5449360574472317
0.5408605370646767
0.5367822817979051
0.532701564613372
0.528618658642314
0.5245338371624678
0.5204473735797792
0.5163595414101053
0.512270614260902
0.5081808658129185
0.5040905698018731
0.5000000000001337
0.4959094301983945
0.4918191341873485
0.4877293857393652
0.4836404585901631
0.47955262642048824
0.47546616283780013
0.47138134135795373
0.46729843538689464
0.46321771820236174
0.4591394629355895
0.4550639425530346
0.45099142983810026
0.44692219737287914
0.4428565175199128
0.43879466240395504
0.4347369038937651
0.4306835135839051
0.4266347627765639
0.4225909224634016
0.41855226330740347
0.41451905562477276
0.41049156936683295
0.406470074101958
0.40245483899753476
0.3984461328019423
0.39444422382656463
0.3904493799278365
0.3864618684893074
0.3824819564037537
0.3785099100553078
0.37454599530163163
0.37059047745612306
0.366643621270155
0.36270569091535826
0.3587769499659383
0.3548576613810323
0.3509480874871123
0.3470484899604241
0.34315912980947255
0.3392802673575546
0.3354121622253321
0.3315550733134575
0.32770925878524315
0.32387497604938076
0.32005248174271766
0.3162420317130727
0.31244388100211773
0.30865828382830407
0.3048854935698454
0.3011257627477647
0.29737934300898455
0.2936464851094906
0.289927438897545
0.28622245329696155
0.28253177629045134
0.2788556549030149
0.2751943351854167
0.2715480621977136
0.2679170799928511
0.2643016316003297
0.2607019590099401
0.2571183031555602
0.2535509038990376
0.2500000000141285
0.24646582917051688
0.2429486279179114
0.23944863167020553
0.2359660746897285
0.23250119007155737
0.2290542097279224
0.2256253643726823
0.22221488350587928
0.21882299539838337
0.21544992707660945
0.21209590430732284
0.20876115158253075
0.20544589210445258
0.20215034777058413
0.19887473915884293
0.1956192855128047
0.19238420472703283
0.18916971333248692
0.1859760264820364
0.18280335793605837
0.1796519200481262
0.17652192375080236
0.1734135785415167
0.1703270924685422
0.16726267211707682
0.16422052259540829
0.16120084752119146
0.15820384900781734
0.1552297276508851
0.15227868251477789
0.14935091111933446
0.14644660942663454
0.14356597182787909
0.14070919113037908
0.13787645854465244
0.13506796367162466
0.1322838944899383
0.12952443734337216
0.1267897769283667
0.12408009628166594
0.12139557676806205
0.11873639806825836
0.11610273816684315
0.11349477334037561
0.11091267814558878
0.10835662540770516
0.10582678620886764
0.10332332987669252
0.10084642397293235
0.09839623428226181
0.09597292480118248
0.09357665772704457
0.09120759344719206
0.0888658905282268
0.08655170570539474
0.08426519387209726
0.08200650806952219
0.07977579947640007
0.07757321739888838
0.07539890926057291
0.07325302059260642
0.07113569502396311
0.06904707427182782
0.06698729813211007
0.06495650447008626
0.06295482921117358
0.060982406331831086
0.059039367850592626
0.05712584381923117
0.05524196231405269
0.05338784942732567
0.051563629258840435
0.04976942390760187
0.04800535346365974
0.04627153600006804
0.04456808756498367
0.04289512217389888
0.041252751802009324
0.03964108637672028
0.038060233770288054
0.03651029979260043
0.034991388184095015
0.03350360060881356
0.032047036647600426
0.03062179379143546
0.029227967434908353
0.027865650869835678
0.02653493527901424
0.025235909730120267
0.023968661169746323
0.022733274417582012
0.021529832160737998
0.02035841494821005
0.019219101185488204
0.018111967129310104
0.017037086882554748
0.015994532389284565
0.014984373429929332
0.014006677616614898
0.013061510388639532
0.012148935008091754
0.011269012555618048
0.010421801926333275
0.00960735982587909
0.008825740766628965
0.008076997064038725
0.007361178833145447
0.00667833398521351
0.00602850822452686
0.005411745045330651
0.004828085728920111
0.004277569340876683
0.0037602327284545086
0.00327611051811298
0.0028252351132000077
0.002407636691782601
0.002023343204627254
0.001672380373329218
0.0013547716885906628
0.0010705384086484668
0.0008196995578516159
0.0006022719253873818
0.00041827006415807446
0.0002677062898066277
0.00015059067989243465
6.693107321689564e-5
1.6733069298586394e-5
2.7998619624484302e-11
1.673306929566917e-5
6.693107321106808e-5
0.00015059067988370552
0.00026770628979498314
0.0004182700641435354
0.0006022719253699788
0.0008196995578312842
0.0010705384086253063
0.00135477168856459
0.0016723803733003015
0.0020233432045955128
0.002407636691747989
0.002825235113162588
0.003276110518072725
0.0037602327284114224
0.004277569340830806
0.004828085728871357
0.005411745045279174
0.006028508224472557
0.006678333985156413
0.00736117883308565
0.008076997063976065
0.008825740766563646
0.009607359825811125
0.010421801926262473
0.011269012555544636
0.01214893500801558
0.01306151038856055
0.014006677616533417
0.014984373429845021
0.0159945323891977
0.017037086882465226
0.018111967129217848
0.019219101185393453
0.020358414948112566
0.02152983216063791
0.02273327441747949
0.02396866116964098
0.025235909730012555
0.02653493527890396
0.027865650869722727
0.029227967434792963
0.03062179379131741
0.03204703664748008
0.03350360060869064
0.03499138818396958
0.03651029979247264
0.038060233770157735
0.03964108637658743
0.04125275180187418
0.04289512217376135
0.04456808756484381
0.04627153599992571
0.04800535346351511
0.049769423907454924
0.05156362925869101
0.05338784942717411
0.055241962313898746
0.057125843819074894
0.05903936785043413
0.060982406331670354
0.06295482921101057
0.064956504469921
0.06698729813194255
0.06904707427165829
0.07113569502379126
0.07325302059243238
0.07539890926039691
0.07757321739870993
0.07977579947622004
0.08200650806933955
0.084265193871913
0.08655170570520815
0.08886589052803807
0.09120759344700155
0.09357665772685209
0.095972924800988
0.09839623428206525
0.10084642397273372
0.10332332987649218
0.10582678620866537
0.10835662540750071
0.11091267814538278
0.11349477334016755
0.11610273816663322
0.11873639806804642
0.12139557676784847
0.12408009628145072
0.1267897769281498
0.12952443734315316
0.13228389448971775
0.13506796367140259
0.13787645854442854
0.1407091911301536
0.14356597182765182
0.14644660942640575
0.14935091111910392
0.15227868251454543
0.15522972765065163
0.15820384900758208
0.16120084752095476
0.16422052259516975
0.1672626721168371
0.17032709246830124
0.17341357854127368
0.17652192375055845
0.17965192004788058
0.18280335793581098
0.18597602648178832
0.18916971333223714
0.19238420472678155
0.19561928551255287
0.19887473915858894
0.20215034777032928
0.20544589210419648
0.20876115158227315
0.21209590430706418
0.2154499270763493
0.21882299539812225
0.222214883505617
0.22562536437241862
0.22905420972765816
0.2325011900712918
0.23596607468946174
0.23944863166993843
0.24294862791764263
0.2464658291702476
0.25000000001385764
0.253550903898766
0.25711830315528794
0.2607019590096662
0.26430163160005576
0.26791707999257564
0.27154806219743716
0.2751943351851398
0.2788556549027368
0.28253177629017234
0.286222453296683
0.28992743889726463
0.2936464851092098
0.29737934300870283
0.30112576274748226
0.30488549356956285
0.30865828382802013
0.31244388100183357
0.31624203171278753
0.3200524817424318
0.32387497604909476
0.32770925878495605
0.3315550733131705
0.3354121622250451
0.3392802673572668
0.34315912980918406
0.34704848996013515
0.3509480874868233
0.3548576613807429
0.358776949965648
0.3627056909150676
0.3666436212698642
0.3705904774558316
0.37454599530134053
0.37850991005501594
0.382481956403462
0.3864618684890157
0.390449379927544
0.39444422382627226
0.3984461328016494
0.4024548389972418
0.4064700741016654
0.4104915693665394
0.41451905562447966
0.41855226330710993
0.4225909224631076
0.4266347627762706
0.4306835135836115
0.4347369038934721
0.4387946624036624
0.44285651751961996
0.4469221973725865
0.4509914298378071
0.45506394255274196
0.4591394629352968
0.4632177182020692
0.46729843538660276
0.4713813413576614
0.4754661628375077
0.4795526264201966
0.4836404585898711
0.48772938573907426
0.4918191341870581
0.4959094301981039
0.4999999999998438
0.5040905698015833
0.508180865812629
0.512270614260613
0.5163595414098162
0.5204473735794911
0.5245338371621796
0.5286186586420263
0.5327015646130852
0.5367822817976192
0.5408605370643912
0.5449360574469468
0.5490085701618815
0.5530778026271024
0.5571434824800696
0.5612053375960274
0.565263096106218
0.5693164864160791
0.57336523722342
0.5774090775365835
0.5814477366925814
0.5854809443752121
0.589508430633153
0.5935299258980277
0.5975451610024514
0.6015538671980445
0.6055557761734219
0.6095506200721508
0.6135381315106796
0.617518043596234
0.6214900899446808
0.625454004698357
0.6294095225438663
0.6333563787298345
0.6372943090846314
0.6412230500340521
0.6451423386189581
0.6490519125128784
0.6529515100395673
0.6568408701905188
0.6607197326424371
0.6645878377746601
0.668444926686535
0.6722907412147506
0.6761250239506127
0.6799475182572765
0.6837579682869211
0.6875561189978764
0.6913417161716908
0.6951145064301493
0.6988742372522309
0.7026206569910112
0.7063535148905051
0.7100725611024513
0.7137775467030344
0.7174682237095458
0.7211443450969828
0.7248056648145811
0.7284519378022842
0.7320829200071473
0.7356983683996687
0.7392980409900594
0.7428816968444392
0.7464490961009619
0.7499999999858719
0.7535341708294829
0.7570513720820892
0.7605513683297951
0.7640339253102725
0.7674988099284441
0.770945790272079
0.7743746356273197
0.7777851164941224
0.7811770046016191
0.7845500729233936
0.7879040956926799
0.7912388484174724
0.7945541078955505
0.7978496522294193
0.8011252608411612
0.8043807144871991
0.8076157952729719
0.8108302866675181
0.8140239735179686
0.8171966420639474
0.8203480799518791
0.823478076249203
0.8265864214584897
0.8296729075314635
0.8327373278829298
0.8357794774045981
0.8387991524788153
0.8417961509921896
0.8447702723491217
0.8477213174852299
0.8506490888806731
0.8535533905733729
0.8564340281721289
0.8592908088696286
0.8621235414553555
0.8649320363283837
0.8677161055100702
0.870475562656637
0.8732102230716419
0.8759199037183432
0.8786044232319472
0.881263601931751
0.8838972618331666
0.8865052266596339
0.8890873218544207
0.891643374592305
0.8941732137911421
0.8966766701233173
0.899153576027078
0.9016037657177483
0.9040270751988277
0.9064233422729658
0.9087924065528182
0.9111341094717839
0.913448294294616
0.9157348061279134
0.9179934919304887
0.9202242005236105
0.9224267826011228
0.9246010907394379
0.9267469794074046
0.9288643049760477
0.9309529257281831
0.9330127018679012
0.9350434955299246
0.9370451707888374
0.9390175936681799
0.9409606321494183
0.9428741561807799
0.9447580376859585
0.9466121505726853
0.9484363707411706
0.950230576092409
0.951994646536351
0.9537284639999426
0.9554319124350269
0.9571048778261119
0.9587472481980013
0.9603589136232905
0.9619397662297223
0.96348970020741
0.9650086118159155
0.9664963993911967
0.9679529633524097
0.9693782062085748
0.9707720325651014
0.9721343491301739
0.9734650647209953
0.9747640902698894
0.9760313388302632
0.9772667255824272
0.9784701678392711
0.979641585051799
0.9807808988145202
0.9818880328706988
0.9829629131174537
0.9840054676107236
0.985015626570079
0.9859933223833932
0.9869384896113682
0.987851064991916
0.9887309874443893
0.9895781980736738
0.9903926401741278
0.9911742592333779
0.991923002935968
0.9926388211668606
0.9933216660147924
0.9939714917754792
0.9945882549546746
0.9951719142710849
0.9957224306591282
0.9962397672715503
0.9967238894818913
0.9971747648868042
0.9975923633082212
0.9979766567953761
0.9983276196266739
0.9986452283114123
0.9989294615913541
0.9991803004421509
0.9993977280746147
0.9995817299358434
0.9997322937101948
0.9998494093201086
0.9999330689267837
0.9999832669307014
0.9999999999720016
0.9999832669307036
0.9999330689267882
0.999849409320115
0.9997322937102037
0.9995817299358545
0.9993977280746275
0.9991803004421661
0.9989294615913716
0.998645228311432
0.998327619626696
0.9979766567954005
0.9975923633082476
0.9971747648868327
0.9967238894819221
0.9962397672715829
0.9957224306591634
0.9951719142711226
0.9945882549547145
0.9939714917755208
0.9933216660148367
0.992638821166907
0.9919230029360163
0.9911742592334285
0.9903926401741809
0.9895781980737292
0.9887309874444467
0.9878510649919754
0.9869384896114303
0.9859933223834574
0.9850156265701453
0.9840054676107921
0.9829629131175245
0.9818880328707718
0.9807808988145956
0.9796415850518765
0.9784701678393508
0.9772667255825089
0.9760313388303472
0.9747640902699753
0.9734650647210841
0.9721343491302646
0.9707720325651944
0.9693782062086693
0.9679529633525067
0.9664963993912961
0.9650086118160168
0.9634897002075137
0.9619397662298282
0.9603589136233984
0.9587472481981113
0.9571048778262239
0.9554319124351414
0.9537284640000593
0.9519946465364696
0.9502305760925296
0.9484363707412936
0.9466121505728102
0.9447580376860855
0.9428741561809092
0.9409606321495496
0.9390175936683132
0.9370451707889726
0.9350434955300619
0.9330127018680406
0.9309529257283247
0.9288643049761915
0.92674697940755
0.9246010907395856
0.9224267826012723
0.9202242005237623
0.9179934919306425
0.9157348061280691
0.9134482942947738
0.9111341094719434
0.9087924065529802
0.9064233422731294
0.9040270751989938
0.9016037657179161
0.8991535760272478
0.896676670123489
0.8941732137913155
0.8916433745924804
0.8890873218545979
0.8865052266598131
0.8838972618333474
0.881263601931934
0.8786044232321321
0.8759199037185298
0.8732102230718305
0.8704755626568276
0.8677161055102623
0.864932036328578
0.8621235414555516
0.8592908088698265
0.8564340281723282
0.853553390573574
0.8506490888808763
0.8477213174854344
0.8447702723493286
0.8417961509923979
0.8387991524790253
0.83577947740481
0.8327373278831431
0.8296729075316788
0.8265864214587062
0.8234780762494214
0.8203480799520992
0.8171966420641688
0.8140239735181916
0.8108302866677429
0.8076157952731983
0.8043807144874271
0.8011252608413908
0.7978496522296507
0.7945541078957834
0.7912388484177068
0.7879040956929155
0.7845500729236308
0.7811770046018577
0.777785116494363
0.7743746356275614
0.7709457902723221
0.7674988099286887
0.7640339253105184
0.7605513683300418
0.7570513720823379
0.7535341708297327
0.7499999999861231
0.7464490961012145
0.7428816968446927
0.7392980409903144
0.7356983683999252
0.732082920007405
0.7284519378025435
0.7248056648148413
0.7211443450972441
0.7174682237098087
0.7137775467032983
0.7100725611027164
0.7063535148907715
0.7026206569912787
0.6988742372524994
0.695114506430419
0.6913417161719616
0.6875561189981483
0.6837579682871942
0.6799475182575503
0.6761250239508876
0.6722907412150263
0.6684449266868119
0.6645878377749376
0.660719732642716
0.6568408701907988
0.6529515100398479
0.6490519125131597
0.6451423386192402
0.6412230500343351
0.6372943090849157
0.6333563787301195
0.629409522544152
0.6254540046986435
0.6214900899449677
0.617518043596522
0.6135381315109681
0.6095506200724404
0.6055557761737121
0.6015538671983351
0.5975451610027428
0.5935299258983197
0.5895084306334455
0.5854809443755056
0.5814477366928754
0.5774090775368779
0.5733652372237151
0.5693164864163744
0.5652630961065142
0.561205337596324
0.5571434824803666
0.5530778026274
0.5490085701621796
0.5449360574472449
0.54086053706469
0.536782281797918
0.5327015646133846
0.528618658642326
0.5245338371624795
0.5204473735797913
0.5163595414101165
0.5122706142609138
0.5081808658129301
0.5040905698018846
0.500000000000145
0.49590943019840555
0.49181913418735956
0.48772938573937596
0.4836404585901729
0.47955262642049806
0.4754661628378096
0.4713813413579628
0.4672984353869041
0.46321771820237034
0.4591394629355981
0.4550639425530429
0.4509914298381079
0.44692219737288735
0.44285651751992045
0.4387946624039627
0.4347369038937721
0.4306835135839113
0.42663476277657036
0.4225909224634069
0.4185522633074089
0.4145190556247785
0.41049156936683795
0.40647007410196323
0.4024548389975398
0.3984461328019466
0.3944442238265693
0.3904493799278404
0.38646186848931163
0.3824819564037576
0.3785099100553111
0.3745459953016345
0.37059047745612533
0.36664362127015715
0.36270569091536037
0.35877694996594006
0.35485766138103403
0.35094808748711404
0.34704848996042514
0.3431591298094735
0.3392802673575554
0.3354121622253327
0.33155507331345796
0.3277092587852425
0.3238749760493802
0.3200524817427166
0.3162420317130718
0.3124438810021169
0.3086582838283025
0.3048854935698442
0.3011257627477626
0.2973793430089825
0.29364648510948876
0.28992743889754247
0.28622245329695967
0.28253177629044807
0.2788556549030115
0.2751943351854132
0.2715480621977101
0.26791707999284714
0.26430163160032605
0.2607019590099354
0.25711830315555584
0.25355090389903306
0.25000000001412326
0.2464658291705121
0.24294862791790614
0.23944863167020067
0.23596607468972267
0.23250119007155146
0.22905420972791654
0.22562536437267589
0.22221488350587285
0.21882299539837685
0.21544992707660232
0.21209590430731595
0.2087611515825236
0.20544589210444542
0.20215034777057683
0.1988747391588352
0.19561928551279745
0.1923842047270247
0.1891697133324787
0.1859760264820284
0.18280335793604968
0.17965192004811764
0.17652192375079395
0.17341357854150746
0.17032709246853348
0.16726267211706763
0.1642205225953991
0.16120084752118224
0.15820384900780798
0.1552297276508758
0.15227868251476792
0.1493509111193246
0.14644660942662482
0.14356597182786915
0.14070919113036925
0.13787645854464262
0.1350679636716146
0.1322838944899283
0.12952443734336164
0.12678977692835666
0.12408009628165566
0.12139557676805154
0.11873639806824778
0.1161027381668324
0.11349477334036512
0.11091267814557836
0.10835662540769432
0.10582678620885717
0.10332332987668195
0.1008464239729216
0.0983962342822512
0.09597292480117177
0.09357665772703401
0.09120759344718155
0.08886589052821596
0.08655170570538405
0.08426519387208663
0.08200650806951142
0.0797757994763897
0.07757321739887754
0.07539890926056239
0.0732530205925958
0.07113569502395255
0.0690470742718174
0.06698729813209957
0.0649565044700759
0.06295482921116326
0.060982406331820754
0.059039367850582385
0.05712584381922075
0.05524196231404249
0.05338784942731561
0.05156362925883023
0.049769423907592
0.0480053534636499
0.04627153600005827
0.04456808756497401
0.042895122173889216
0.0412527518019998
0.03964108637671078
0.038060233770278694
0.036510299792591336
0.03499138818408568
0.033503600608804515
0.032047036647591585
0.030621793791426544
0.029227967434899704
0.02786565086982701
0.026534935279005852
0.025235909730111968
0.02396866116973803
0.022733274417573994
0.021529832160730056
0.02035841494820215
0.019219101185480664
0.018111967129302575
0.017037086882547424
0.015994532389277463
0.014984373429922251
0.014006677616608142
0.013061510388632824
0.012148935008085334
0.011269012555611812
0.010421801926327186
0.00960735982587327
0.008825740766623277
0.008076997064033193
0.007361178833140209
0.006678333985208418
0.006028508224521974
0.00541174504532605
0.004828085728915639
0.004277569340872528
0.0037602327284505434
0.003276110518109295
0.0028252351131965382
0.0024076366917793594
0.002023343204624285
0.001672380373326483
0.0013547716885881575
0.0010705384086462622
0.0008196995578496455
0.0006022719253857072
0.0004182700641566613
0.00026770628980548065
0.00015059067989158263
6.693107321631742e-5
1.6733069298299392e-5
2.7998619319053073e-11
1.673306929596177e-5
6.693107321164241e-5
0.00015059067988457044
0.00026770628979613185
0.0004182700641449763
0.0006022719253716871
0.0008196995578332909
0.001070538408627575
0.0013547716885671374
0.001672380373303133
0.002023343204598605
0.002407636691751352
0.0028252351131662066
0.0032761105180766402
0.0037602327284155684
0.0042775693408352335
0.004828085728876026
0.0054117450452841245
0.006028508224477739
0.006678333985161871
0.007361178833091359
0.00807699706398204
0.008825740766569825
0.009607359825817525
0.01042180192626915
0.011269012555551485
0.012148935008022735
0.013061510388567938
0.014006677616540985
0.014984373429852824
0.015994532389205767
0.01703708688247347
0.018111967129226365
0.019219101185402196
0.020358414948121448
0.021529832160647112
0.022733274417488816
0.02396866116965062
0.025235909730022352
0.02653493527891399
0.027865650869732944
0.029227967434803437
0.030621793791328077
0.03204703664749093
0.033503600608701674
0.03499138818398067
0.03651029979248412
0.038060233770169344
0.039641086376599285
0.04125275180188613
0.04289512217377341
0.04456808756485608
0.0462715359999382
0.04800535346352771
0.049769423907467726
0.05156362925870386
0.05338784942718714
0.055241962313911916
0.05712584381908812
0.05903936785044767
0.06098240633168399
0.06295482921102445
0.06495650446993506
0.0669872981319567
0.06904707427167252
0.07113569502380565
0.0732530205924469
0.07539890926041151
0.07757321739872465
0.07977579947623484
0.08200650806935461
0.08426519387192788
0.08655170570522339
0.08886589052805337
0.09120759344701697
0.0935766577268676
0.09597292480100345
0.09839623428208094
0.1008464239727495
0.10332332987650805
0.10582678620868134
0.10835662540751667
0.11091267814539893
0.11349477334018383
0.11610273816664941
0.1187363980680629
0.12139557676786489
0.12408009628146724
0.12678977692816648
0.12952443734316976
0.1322838944897346
0.13506796367141938
0.13787645854444558
0.14070919113017047
0.1435659718276688
0.1464466094264228
0.14935091111912088
0.1522786825145626
0.15522972765066878
0.15820384900759943
0.16120084752097202
0.1642205225951873
0.1672626721168544
0.1703270924683186
0.1734135785412911
0.17652192375057593
0.17965192004789823
0.18280335793582872
0.18597602648180606
0.1891697133322548
0.19238420472679948
0.19561928551257068
0.19887473915860712
0.20215034777034724
0.20544589210421468
0.20876115158229142
0.21209590430708233
0.2154499270763674
0.2188229953981405
0.2222148835056353
0.22562536437243694
0.2290542097276764
0.23250119007130998
0.23596607468948003
0.23944863166995667
0.24294862791766106
0.2464658291702658
0.2500000000138758
0.2535509038987845
0.2571183031553061
0.2607019590096846
0.264301631600074
0.26791707999259406
0.27154806219745575
0.275194335185158
0.27885565490275516
0.2825317762901909
0.2862224532967013
0.2899274388972832
0.29364648510922836
0.29737934300872115
0.3011257627475004
0.30488549356958095
0.30865828382803845
0.31244388100185194
0.316242031712806
0.32005248174244993
0.3238749760491129
0.3277092587849742
0.3315550733131888
0.335412162225063
0.33928026735728467
0.34315912980920227
0.34704848996015325
0.35094808748684125
0.3548576613807608
0.3587769499656659
0.3627056909150858
0.3666436212698819
0.37059047745584944
0.37454599530135796
0.3785099100550338
0.38248195640347976
0.38646186848903336
0.3904493799275617
0.39444422382629
0.3984461328016667
0.4024548389972594
0.4064700741016825
0.4104915693665568
0.41451905562449676
0.41855226330712697
0.42259092246312463
0.4266347627762877
0.4306835135836283
0.43473690389348885
0.43879466240367915
0.44285651751963656
0.4469221973726032
0.45099142983782364
0.45506394255275834
0.4591394629353135
0.46321771820208535
0.46729843538661914
0.47138134135767745
0.4754661628375242
0.4795526264202124
0.48364045858988736
0.4877293857390902
0.4918191341870739
0.4959094301981197
0.49999999999985933
0.5040905698015986
0.5081808658126447
0.5122706142606281
0.5163595414098314
0.520447373579506
0.5245338371621945
0.5286186586420409
0.5327015646130995
0.5367822817976333
0.5408605370644054
0.5449360574469606
0.5490085701618952
0.5530778026271161
0.5571434824800827
0.5612053375960405
0.5652630961062308
0.5693164864160917
0.5733652372234326
0.5774090775365959
0.5814477366925936
0.5854809443752244
0.5895084306331644
0.593529925898039
0.5975451610024625
0.6015538671980553
0.6055557761734328
0.6095506200721615
0.6135381315106901
0.6175180435962442
0.6214900899446908
0.6254540046983669
0.6294095225438763
0.6333563787298443
0.6372943090846406
0.6412230500340613
0.6451423386189672
0.6490519125128873
0.6529515100395757
0.6568408701905274
0.6607197326424455
0.6645878377746678
0.6684449266865428
0.6722907412147582
0.67612502395062
0.679947518257284
0.6837579682869287
0.6875561189978835
0.6913417161716978
0.6951145064301559
0.6988742372522374
0.7026206569910174
0.706353514890511
0.7100725611024575
0.7137775467030398
0.7174682237095513
0.7211443450969881
0.7248056648145862
0.7284519378022897
0.7320829200071522
0.7356983683996734
0.7392980409900636
0.7428816968444432
0.7464490961009658
0.7499999999858757
0.7535341708294866
0.7570513720820928
0.7605513683297981
0.764033925310276
0.7674988099284472
0.7709457902720818
0.7743746356273223
0.7777851164941255
0.7811770046016215
0.7845500729233961
0.7879040956926823
0.7912388484174745
0.7945541078955527
0.7978496522294213
0.801125260841163
0.8043807144872005
0.8076157952729733
0.8108302866675191
0.8140239735179694
0.8171966420639479
0.82034807995188
0.8234780762492034
0.82658642145849
0.8296729075314638
0.8327373278829296
0.8357794774045985
0.8387991524788152
0.8417961509921894
0.8447702723491213
0.8477213174852295
0.8506490888806724
0.8535533905733725
0.8564340281721279
0.8592908088696277
0.8621235414553544
0.8649320363283822
0.867716105510069
0.8704755626566355
0.8732102230716406
0.8759199037183414
0.8786044232319454
0.8812636019317495
0.8838972618331644
0.886505226659632
0.8890873218544186
0.8916433745923026
0.8941732137911399
0.8966766701233151
0.8991535760270757
0.901603765717746
0.9040270751988255
0.9064233422729632
0.9087924065528156
0.911134109471781
0.9134482942946132
0.9157348061279104
0.9179934919304855
0.9202242005236074
0.9224267826011199
0.9246010907394344
0.9267469794074015
0.9288643049760444
0.9309529257281798
0.9330127018678978
0.9350434955299214
0.9370451707888341
0.9390175936681764
0.9409606321494148
0.9428741561807767
0.9447580376859548
0.9466121505726816
0.9484363707411672
0.9502305760924054
0.9519946465363477
0.9537284639999394
0.9554319124350236
0.9571048778261081
0.9587472481979978
0.9603589136232867
0.961939766229719
0.9634897002074062
0.965008611815912
0.9664963993911928
0.9679529633524063
0.9693782062085711
0.9707720325650983
0.9721343491301707
0.973465064720992
0.9747640902698858
0.9760313388302597
0.9772667255824239
0.9784701678392678
0.9796415850517958
0.9807808988145174
0.9818880328706954
0.9829629131174505
0.9840054676107207
0.9850156265700758
0.9859933223833902
0.9869384896113651
0.9878510649919127
0.9887309874443865
0.989578198073671
0.990392640174125
0.991174259233375
0.9919230029359651
0.9926388211668583
0.9933216660147903
0.9939714917754767
0.9945882549546727
0.995171914271083
0.9957224306591262
0.9962397672715484
0.9967238894818895
0.9971747648868023
0.9975923633082198
0.9979766567953747
0.9983276196266725
0.9986452283114111
0.998929461591353
0.9991803004421498
0.9993977280746139
0.9995817299358428
0.9997322937101942
0.999849409320108
0.9999330689267832
0.9999832669307016
0.9999999999720011
0.9999832669307042
0.9999330689267881
0.9998494093201153
0.999732293710204
0.9995817299358549
0.9993977280746285
0.9991803004421669
0.9989294615913726
0.9986452283114334
0.9983276196266972
0.9979766567954019
0.9975923633082493
0.9971747648868343
0.9967238894819238
0.9962397672715853
0.9957224306591655
0.9951719142711251
0.9945882549547167
0.9939714917755232
0.9933216660148391
0.9926388211669094
0.9919230029360189
0.9911742592334312
0.9903926401741837
0.989578198073732
0.9887309874444495
0.9878510649919785
0.986938489611433
0.9859933223834603
0.9850156265701483
0.9840054676107954
0.9829629131175276
0.9818880328707746
0.980780898814599
0.9796415850518796
0.9784701678393541
0.9772667255825125
0.9760313388303506
0.9747640902699787
0.9734650647210872
0.9721343491302681
0.9707720325651977
0.969378206208673
0.9679529633525106
0.9664963993912994
0.9650086118160206
0.963489700207517
0.9619397662298318
0.9603589136234018
0.9587472481981147
0.9571048778262279
0.9554319124351446
0.9537284640000628
0.9519946465364731
0.950230576092533
0.9484363707412972
0.9466121505728137
0.944758037686089
0.9428741561809125
0.9409606321495532
0.9390175936683164
0.9370451707889761
0.9350434955300656
0.9330127018680437
0.9309529257283279
0.9288643049761945
0.9267469794075535
0.9246010907395886
0.9224267826012759
0.9202242005237652
0.9179934919306454
0.9157348061280721
0.9134482942947765
0.9111341094719466
0.9087924065529828
0.9064233422731323
0.9040270751989959
0.9016037657179183
0.8991535760272498
0.8966766701234915
0.8941732137913182
0.8916433745924824
0.8890873218546003
0.8865052266598156
0.8838972618333494
0.8812636019319356
0.8786044232321338
0.8759199037185316
0.873210223071832
0.8704755626568289
0.8677161055102635
0.8649320363285791
0.8621235414555525
0.8592908088698276
0.8564340281723292
0.853553390573575
0.850649088880877
0.8477213174854349
0.8447702723493287
0.8417961509923979
0.8387991524790253
0.83577947740481
0.832737327883143
0.8296729075316787
0.826586421458706
0.8234780762494206
0.8203480799520987
0.817196642064168
0.8140239735181907
0.8108302866677419
0.807615795273197
0.8043807144874259
0.801125260841389
0.797849652229649
0.7945541078957813
0.791238848417705
0.7879040956929132
0.7845500729236284
0.781177004601855
0.7777851164943606
0.7743746356275587
0.7709457902723191
0.7674988099286851
0.7640339253105154
0.7605513683300387
0.7570513720823339
0.7535341708297293
0.7499999999861192
0.7464490961012107
0.7428816968446886
0.73929804099031
0.7356983683999201
0.7320829200074005
0.7284519378025384
0.7248056648148361
0.7211443450972389
0.7174682237098032
0.7137775467032925
0.7100725611027102
0.7063535148907654
0.7026206569912723
0.6988742372524932
0.6951145064304122
0.691341716171955
0.6875561189981412
0.6837579682871869
0.6799475182575431
0.6761250239508798
0.6722907412150188
0.6684449266868041
0.6645878377749295
0.6607197326427077
0.6568408701907903
0.6529515100398394
0.649051912513151
0.6451423386192314
0.641223050034326
0.6372943090849059
0.6333563787301097
0.6294095225441423
0.6254540046986333
0.6214900899449578
0.6175180435965114
0.6135381315109577
0.6095506200724293
0.6055557761737009
0.6015538671983242
0.5975451610027317
0.5935299258983084
0.5895084306334338
0.5854809443754936
0.5814477366928635
0.5774090775368657
0.5733652372237027
0.5693164864163618
0.5652630961065015
0.5612053375963106
0.5571434824803533
0.5530778026273866
0.549008570162166
0.5449360574472315
0.5408605370646763
0.536782281797904
0.53270156461337
0.5286186586423115
0.5245338371624649
0.5204473735797766
0.5163595414101014
0.5122706142608985
0.5081808658129147
0.5040905698018687
0.5000000000001291
0.49590943019838946
0.49181913418734396
0.48772938573936
0.4836404585901568
0.47955262642048185
0.4754661628377933
0.4713813413579465
0.467298435386888
0.46321771820235386
0.459139462935582
0.4550639425530266
0.4509914298380913
0.4469221973728705
0.44285651751990324
0.4387946624039458
0.4347369038937552
0.4306835135838943
0.4266347627765532
0.4225909224633898
0.41855226330739154
0.4145190556247613
0.4104915693668205
0.40647007410194574
0.4024548389975221
0.39844613280192875
0.39444422382655175
0.3904493799278226
0.38646186848929404
0.38248195640373983
0.3785099100552933
0.374545995301617
0.37059047745610757
0.3666436212701393
0.36270569091534255
0.3587769499659221
0.35485766138101615
0.3509480874870961
0.347048489960407
0.34315912980945534
0.33928026735753686
0.33541216222531484
0.3315550733134398
0.3277092587852241
0.32387497604936183
0.3200524817426981
0.3162420317130534
0.31244388100209824
0.3086582838282841
0.3048854935698257
0.3011257627477442
0.2973793430089642
0.2936464851094701
0.2899274388975241
0.28622245329694124
0.2825317762904299
0.27885565490299313
0.27519433518539493
0.2715480621976913
0.2679170799928287
0.2643016316003075
0.2607019590099171
0.25711830315553735
0.2535509038990148
0.25000000001410494
0.2464658291704934
0.24294862791788754
0.23944863167018188
0.2359660746897044
0.232501190071533
0.2290542097278982
0.22562536437265743
0.22221488350585467
0.21882299539835837
0.21544992707658434
0.21209590430729777
0.20876115158250563
0.20544589210442749
0.2021503477705586
0.19887473915881707
0.19561928551277924
0.19238420472700682
0.18916971333246102
0.1859760264820106
0.1828033579360318
0.17965192004809985
0.17652192375077616
0.17341357854148984
0.17032709246851577
0.16726267211705
0.16422052259538186
0.16120084752116462
0.1582038490077904
0.1552297276508583
0.15227868251475085
0.1493509111193076
0.1464466094266077
0.14356597182785208
0.14070919113035232
0.13787645854462552
0.13506796367159796
0.1322838944899115
0.12952443734334504
0.12678977692833998
0.12408009628163906
0.12139557676803509
0.11873639806823134
0.11610273816681614
0.11349477334034902
0.11091267814556208
0.10835662540767832
0.10582678620884109
0.10332332987666593
0.10084642397290569
0.0983962342822355
0.09597292480115611
0.09357665772701852
0.09120759344716607
0.08886589052820044
0.08655170570536876
0.08426519387207149
0.08200650806949641
0.07977579947637481
0.0775732173988627
0.0753989092605477
0.07325302059258121
0.07113569502393818
0.06904707427180318
0.06698729813208554
0.06495650447006197
0.06295482921114946
0.06098240633180692
0.05903936785056884
0.057125843819207385
0.05524196231402927
0.05338784942730262
0.051563629258817335
0.04976942390757922
0.04800535346363706
0.046271536000045715
0.04456808756496169
0.04289512217387704
0.04125275180198778
0.039641086376699074
0.03806023377026698
0.03651029979257984
0.03499138818407438
0.03350360060879352
0.03204703664758077
0.030621793791415896
0.029227967434889257
0.027865650869816766
0.026534935278995805
0.025235909730102115
0.023968661169728445
0.022733274417564623
0.021529832160720932
0.020358414948193147
0.01921910118547191
0.018111967129293964
0.01703708688253912
0.01599453238926944
0.014984373429914386
0.014006677616600542
0.013061510388625396
0.012148935008078138
0.011269012555604897
0.010421801926320503
0.009607359825866814
0.00882574076661708
0.008076997064027244
0.007361178833134455
0.006678333985202944
0.006028508224516786
0.0054117450453211365
0.004828085728910934
0.00427756934086812
0.0037602327284463623
0.0032761105181053967
0.0028252351131929053
0.002407636691775988
0.002023343204621203
0.0016723803733236645
0.001354771688585611
0.0010705384086439754
0.0008196995578476459
0.0006022719253839774
0.0004182700641552364
0.0002677062898043212
0.00015059067989071893
6.693107321573464e-5
1.673306929800687e-5
2.7998617944588154e-11
1.6733069296255814e-5
6.693107321222173e-5
0.0001505906798854399
0.0002677062897972775
0.00041827006414640525
0.0006022719253733892
0.000819699557835274
0.0010705384086298422
0.0013547716885696768
0.001672380373305889
0.002023343204601614
0.0024076366917546335
0.0028252351131697437
0.003276110518080376
0.003760232728419535
0.004277569340839474
0.004828085728880462
0.005411745045288829
0.006028508224482684
0.006678333985167017
0.0073611788330967595
0.008076997063987653
0.008825740766575578
0.009607359825823477
0.010421801926275285
0.011269012555557834
0.012148935008029249
0.013061510388574619
0.014006677616547928
0.014984373429859893
0.01599453238921304
0.017037086882480873
0.018111967129234036
0.019219101185410013
0.020358414948129438
0.021529832160655165
0.022733274417496948
0.023968661169658973
0.02523590973003084
0.026534935278922544
0.02786565086974163
0.02922796743481237
0.03062179379133697
0.03204703664750001
0.03350360060871098
0.03499138818398997
0.03651029979249366
0.038060233770178795
0.03964108637660884
0.04125275180189582
0.04289512217378313
0.04456808756486605
0.04627153599994815
0.04800535346353768
0.04976942390747788
0.05156362925871399
0.05338784942719742
0.05524196231392241
0.05712584381909861
0.05903936785045839
0.060982406331694425
0.062954829211035
0.06495650446994566
0.06698729813196737
0.06904707427168333
0.07113569502381624
0.07325302059245747
0.07539890926042228
0.07757321739873545
0.07977579947624588
0.08200650806936555
0.08426519387193873
0.08655170570523452
0.08886589052806411
0.09120759344702795
0.09357665772687845
0.09597292480101426
0.09839623428209189
0.10084642397276038
0.1033233298765189
0.10582678620869239
0.10835662540752744
0.11091267814540996
0.11349477334019478
0.11610273816666018
0.11873639806807386
0.12139557676787553
0.12408009628147813
0.12678977692817694
0.12952443734318028
0.132283894489745
0.13506796367142962
0.137876458544456
0.14070919113018082
0.1435659718276788
0.1464466094264331
0.1493509111191311
0.15227868251457263
0.1552297276506788
0.15820384900760903
0.16120084752098177
0.1642205225951968
0.16726267211686358
0.1703270924683282
0.1734135785413001
0.17652192375058512
0.17965192004790737
0.18280335793583752
0.1859760264818148
0.18916971333226354
0.1923842047268076
0.1956192855125786
0.19887473915861476
0.20215034777035507
0.2054458921042221
0.2087611515822987
0.21209590430708988
0.2154499270763744
0.21882299539814734
0.22221488350564234
0.22562536437244357
0.22905420972768306
0.23250119007131642
0.23596607468948613
0.23944863166996244
0.24294862791766622
0.2464658291702715
0.250000000013881
0.25355090389878915
0.2571183031553109
0.260701959009689
0.26430163160007875
0.26791707999259873
0.2715480621974595
0.27519433518516184
0.2788556549027589
0.2825317762901944
0.28622245329670426
0.2899274388972857
0.29364648510923097
0.2973793430087234
0.3011257627475026
0.30488549356958294
0.30865828382804006
0.31244388100185366
0.31624203171280757
0.32005248174245104
0.32387497604911414
0.32770925878497514
0.33155507331318884
0.33541216222506304
0.33928026735728384
0.34315912980920177
0.34704848996015225
0.35094808748684014
0.3548576613807596
0.3587769499656641
0.36270569091508414
0.36664362126988015
0.37059047745584717
0.3745459953013555
0.37850991005503126
0.3824819564034764
0.3864618684890296
0.3904493799275578
0.3944442238262863
0.39844613280166274
0.402454838997255
0.4064700741016784
0.4104915693665518
0.41451905562449226
0.4185522633071218
0.422590922463119
0.42663476277628193
0.43068351358362233
0.4347369038934819
0.4387946624036723
0.442856517519629
0.4469221973725962
0.4509914298378158
0.4550639425527502
0.45913946293530566
0.46321771820207674
0.46729843538661053
0.4713813413576689
0.4754661628375152
0.47955262642020335
0.4836404585898777
0.4877293857390801
0.4918191341870636
0.49590943019810874
0.49999999999984873
0.5040905698015876
0.5081808658126338
0.512270614260617
0.5163595414098197
0.5204473735794943
0.5245338371621829
0.5286186586420291
0.5327015646130877
0.5367822817976203
0.5408605370643931
0.5449360574469474
0.5490085701618821
0.5530778026271029
0.5571434824800694
0.5612053375960271
0.5652630961062176
0.5693164864160775
0.5733652372234191
0.577409077536582
0.5814477366925797
0.5854809443752105
0.5895084306331496
0.593529925898025
0.597545161002448
0.6015538671980404
0.6055557761734182
0.6095506200721462
0.6135381315106749
0.6175180435962291
0.621490089944675
0.6254540046983517
0.6294095225438603
0.6333563787298284
0.6372943090846249
0.6412230500340445
0.6451423386189509
0.64905191251287
0.6529515100395592
0.6568408701905107
0.6607197326424287
0.6645878377746511
0.668444926686526
0.6722907412147409
0.676125023950603
0.6799475182572671
0.6837579682869109
0.6875561189978661
0.6913417161716796
0.695114506430138
0.6988742372522193
0.702620656990999
0.7063535148904933
0.7100725611024393
0.7137775467030216
0.7174682237095334
0.7211443450969695
0.724805664814568
0.7284519378022706
0.7320829200071339
0.7356983683996542
0.7392980409900445
0.7428816968444244
0.7464490961009469
0.7499999999858565
0.7535341708294682
0.7570513720820733
0.7605513683297793
0.7640339253102572
0.7674988099284279
0.7709457902720629
0.7743746356273032
0.7777851164941064
0.7811770046016021
0.784550072923376
0.7879040956926628
0.7912388484174547
0.7945541078955329
0.7978496522294017
0.8011252608411431
0.804380714487181
0.8076157952729536
0.8108302866674998
0.8140239735179498
0.8171966420639284
0.8203480799518603
0.8234780762491838
0.8265864214584702
0.8296729075314442
0.8327373278829101
0.8357794774045784
0.8387991524787958
0.8417961509921698
0.8447702723491017
0.8477213174852102
0.8506490888806525
0.8535533905733533
0.8564340281721083
0.8592908088696088
0.8621235414553351
0.8649320363283625
0.8677161055100496
0.8704755626566161
0.8732102230716213
0.8759199037183224
0.8786044232319262
0.8812636019317304
0.8838972618331458
0.8865052266596133
0.8890873218543996
0.8916433745922839
0.8941732137911215
0.8966766701232962
0.8991535760270569
0.9016037657177279
0.9040270751988069
0.9064233422729451
0.9087924065527976
0.9111341094717634
0.9134482942945953
0.9157348061278932
0.9179934919304684
0.9202242005235902
0.9224267826011023
0.9246010907394174
0.9267469794073844
0.9288643049760277
0.9309529257281631
0.9330127018678809
0.9350434955299046
0.9370451707888178
0.9390175936681603
0.9409606321493992
0.942874156180761
0.9447580376859396
0.9466121505726666
0.9484363707411516
0.9502305760923901
0.9519946465363326
0.9537284639999244
0.9554319124350089
0.9571048778260937
0.9587472481979836
0.9603589136232727
0.9619397662297049
0.9634897002073928
0.9650086118158985
0.9664963993911801
0.967952963352393
0.9693782062085585
0.9707720325650855
0.9721343491301585
0.97346506472098
0.9747640902698742
0.9760313388302482
0.9772667255824129
0.9784701678392567
0.9796415850517851
0.9807808988145068
0.9818880328706849
0.9829629131174404
0.9840054676107108
0.9850156265700662
0.9859933223833806
0.9869384896113563
0.9878510649919042
0.9887309874443784
0.9895781980736629
0.9903926401741171
0.9911742592333679
0.9919230029359581
0.9926388211668513
0.9933216660147837
0.9939714917754704
0.9945882549546663
0.9951719142710773
0.995722430659121
0.9962397672715432
0.9967238894818847
0.9971747648867978
0.9975923633082158
0.997976656795371
0.9983276196266694
0.9986452283114079
0.9989294615913502
0.9991803004421475
0.9993977280746116
0.999581729935841
0.9997322937101926
0.999849409320107
0.9999330689267827
0.9999832669307013
0.9999999999720011
0.9999832669307044
0.9999330689267888
0.9998494093201166
0.9997322937102054
0.9995817299358569
0.999397728074631
0.9991803004421698
0.9989294615913756
0.998645228311437
0.9983276196267011
0.9979766567954061
0.9975923633082538
0.9971747648868399
0.9967238894819296
0.9962397672715914
0.9957224306591721
0.9951719142711317
0.9945882549547238
0.9939714917755313
0.9933216660148476
0.9926388211669183
0.9919230029360283
0.991174259233441
0.9903926401741938
0.9895781980737427
0.9887309874444611
0.9878510649919902
0.9869384896114455
0.985993322383473
0.9850156265701617
0.9840054676108093
0.9829629131175419
0.9818880328707897
0.9807808988146147
0.9796415850518956
0.9784701678393707
0.9772667255825296
0.9760313388303684
0.9747640902699968
0.9734650647211057
0.9721343491302877
0.9707720325652178
0.969378206208694
0.9679529633525309
0.9664963993913211
0.9650086118160424
0.9634897002075399
0.961939766229855
0.9603589136234258
0.9587472481981393
0.9571048778262528
0.9554319124351704
0.9537284640000894
0.9519946465365
0.9502305760925607
0.948436370741325
0.9466121505728424
0.9447580376861183
0.9428741561809427
0.9409606321495838
0.9390175936683481
0.9370451707890078
0.9350434955300984
0.933012701868077
0.9309529257283621
0.9288643049762295
0.9267469794075889
0.9246010907396247
0.9224267826013118
0.9202242005238025
0.9179934919306832
0.9157348061281108
0.9134482942948161
0.9111341094719865
0.9087924065530234
0.9064233422731737
0.9040270751990382
0.9016037657179616
0.8991535760272931
0.8966766701235354
0.8941732137913623
0.891643374592528
0.8890873218546459
0.886505226659862
0.8838972618333969
0.881263601931984
0.8786044232321829
0.8759199037185805
0.8732102230718823
0.8704755626568795
0.8677161055103152
0.8649320363286314
0.8621235414556053
0.859290808869881
0.8564340281723835
0.8535533905736296
0.8506490888809319
0.8477213174854913
0.844770272349386
0.8417961509924561
0.838799152479084
0.835779477404869
0.832737327883203
0.8296729075317391
0.826586421458767
0.8234780762494831
0.8203480799521612
0.8171966420642314
0.8140239735182546
0.8108302866678067
0.8076157952732623
0.8043807144874917
0.8011252608414561
0.7978496522297163
0.7945541078958497
0.7912388484177738
0.7879040956929833
0.7845500729236985
0.7811770046019259
0.7777851164944315
0.7743746356276309
0.7709457902723919
0.7674988099287595
0.7640339253105898
0.7605513683301133
0.7570513720824101
0.7535341708298054
0.7499999999861963
0.7464490961012881
0.7428816968447668
0.7392980409903893
0.7356983684
0.7320829200074805
0.7284519378026193
0.7248056648149179
0.7211443450973214
0.7174682237098863
0.7137775467033763
0.7100725611027949
0.7063535148908506
0.702620656991358
0.6988742372525792
0.6951145064304994
0.6913417161720419
0.6875561189982291
0.6837579682872749
0.6799475182576321
0.6761250239509695
0.6722907412151089
0.6684449266868953
0.6645878377750208
0.6607197326428
0.6568408701908831
0.6529515100399322
0.6490519125132451
0.6451423386193256
0.6412230500344216
0.6372943090850014
0.6333563787302058
0.6294095225442383
0.625454004698731
0.6214900899450557
0.61751804359661
0.6135381315110565
0.6095506200725294
0.605555776173801
0.6015538671984249
0.5975451610028321
0.5935299258984099
0.5895084306335359
0.5854809443755957
0.5814477366929662
0.5774090775369685
0.5733652372238067
0.5693164864164663
0.565263096106606
0.5612053375964161
0.5571434824804594
0.5530778026274933
0.5490085701622726
0.5449360574473383
0.5408605370647839
0.5367822817980118
0.5327015646134785
0.5286186586424196
0.5245338371625735
0.5204473735798859
0.5163595414102112
0.5122706142610093
0.508180865813025
0.5040905698019799
0.5000000000002404
0.49590943019850126
0.491819134187456
0.4877293857394716
0.48364045859026933
0.4795526264205944
0.4754661628379064
0.4713813413580595
0.4672984353870014
0.4632177182024687
0.4591394629356962
0.45506394255314114
0.4509914298382066
0.4469221973729854
0.4428565175200192
0.4387946624040615
0.4347369038938709
0.43068351358401
0.4266347627766699
0.422590922463506
0.41855226330750844
0.41451905562487806
0.4104915693669377
0.40647007410206315
0.4024548389976396
0.39844613280204644
0.39444422382666955
0.3904493799279404
0.3864618684894115
0.38248195640385746
0.37850991005541107
0.3745459953017348
0.37059047745622536
0.36664362127025796
0.36270569091546084
0.35877694996604037
0.3548576613811351
0.35094808748721423
0.34704848996052606
0.34315912980957375
0.33928026735765576
0.3354121622254334
0.3315550733135579
0.3277092587853428
0.3238749760494797
0.3200524817428165
0.3162420317131719
0.31244388100221665
0.30865828382840255
0.30488549356994393
0.3011257627478625
0.29737934300908214
0.29364648510958835
0.2899274388976415
0.286222453297059
0.28253177629054704
0.2788556549031098
0.2751943351855118
0.2715480621978081
0.2679170799929456
0.2643016316004244
0.26070195901003335
0.25711830315565365
0.2535509038991306
0.2500000000142206
0.24646582917060933
0.24294862791800242
0.23944863167029737
0.2359660746898185
0.23250119007164777
0.22905420972801177
0.2256253643727713
0.2222148835059685
0.21882299539847136
0.21544992707669713
0.21209590430741018
0.2087611515826172
0.20544589210453917
0.20215034777066956
0.19887473915892806
0.19561928551288965
0.19238420472711665
0.18916971333257013
0.18597602648211942
0.18280335793614078
0.17965192004820807
0.17652192375088407
0.17341357854159736
0.17032709246862238
0.16726267211715637
0.16422052259548706
0.16120084752127004
0.158203849007895
0.15522972765096274
0.15227868251485419
0.14935091111941023
0.14644660942670992
0.14356597182795414
0.14070919113045346
0.13787645854472635
0.13506796367169777
0.1322838944900109
0.12952443734344354
0.1267897769284379
0.1240800962817362
0.12139557676813162
0.11873639806832727
0.11610273816691105
0.11349477334044342
0.1109126781456557
0.1083566254077713
0.10582678620893368
0.10332332987675737
0.10084642397299672
0.09839623428232536
0.09597292480124532
0.09357665772710697
0.09120759344725349
0.08886589052828732
0.0865517057054545
0.08426519387215646
0.08200650806958046
0.0797757994764581
0.07757321739894556
0.07539890926062946
0.07325302059266205
0.07113569502401798
0.06904707427188195
0.06698729813216321
0.06495650447013891
0.06295482921122543
0.06098240633188191
0.05903936785064299
0.0571258438192804
0.05524196231410128
0.053387849427373735
0.05156362925888749
0.04976942390764845
0.04800535346370539
0.046271536000112926
0.04456808756502768
0.0428951221739419
0.041252751802051915
0.039641086376761746
0.03806023377032894
0.036510299792640505
0.034991388184133984
0.0335036006088521
0.032047036647638104
0.030621793791472278
0.02922796743494456
0.027865650869870674
0.02653493527904874
0.025235909730153702
0.023968661169778922
0.022733274417613806
0.021529832160769025
0.02035841494823999
0.019219101185517493
0.018111967129338498
0.017037086882582347
0.015994532389311485
0.014984373429955278
0.014006677616640036
0.013061510388663728
0.012148935008115168
0.011269012555640567
0.010421801926354847
0.009607359825899891
0.008825740766648896
0.008076997064057671
0.0073611788331636955
0.006678333985230814
0.0060285082245433745
0.00541174504534634
0.004828085728934826
0.004277569340890712
0.003760232728467497
0.0032761105181252524
0.0028252351132112847
0.0024076366917930216
0.002023343204636809
0.0016723803733380003
0.001354771688598141
0.0010705384086562924
0.0008196995578562223
0.0006022719254082385
0.00041827006416113565
0.0002677062898207218
0.00015059067868125812
6.693106855605955e-5
1.6733058306194258e-5
1.1411449279537313e-10
