-0.00040175642620585644
0.002007814804699039
0.009213323009254749
0.021145375204519486
0.037689059205129896
0.05868505029046313
0.08393114558879024
0.11318421140146888
0.14616252471337096
0.18254848633952264
0.22199167957887492
0.2641122449186889
0.30850453828929986
0.3547410376382525
0.4023764602013759
0.4509520508192144
0.5000000000000002
0.549047949180786
0.5976235397986248
0.6452589623617474
0.6914954617107
0.735887755081311
0.7780083204211253
0.8174515136604782
0.8538374752866297
0.8868157885985315
0.9160688544112099
0.941314949709537
0.9623109407948698
0.9788546247954806
0.9907866769907452
0.9979921851953006
1.0004017564262058
0.9979921851953009
0.990786676990745
0.9788546247954804
0.96231094079487
0.9413149497095367
0.91606885441121
0.8868157885985314
0.8538374752866293
0.8174515136604777
0.7780083204211252
0.7358877550813104
0.6914954617107
0.6452589623617467
0.5976235397986247
0.5490479491807858
0.4999999999999999
0.45095205081921375
0.40237646020137535
0.3547410376382524
0.3085045382892998
0.2641122449186889
0.22199167957887428
0.1825484863395226
0.14616252471337074
0.11318421140146855
0.08393114558878996
0.05868505029046274
0.03768905920513009
0.021145375204519565
0.009213323009254582
0.0020078148046990636
-0.00040175642620587595
0.0020078148046990874
0.009213323009254634
0.02114537520451963
0.03768905920513018
0.05868505029046286
0.08393114558879008
0.11318421140146888
0.14616252471337074
0.18254848633952286
0.22199167957887445
0.2641122449186891
0.3085045382893
0.3547410376382526
0.4023764602013755
0.45095205081921397
0.5000000000000002
0.5490479491807861
0.5976235397986244
0.6452589623617477
0.6914954617106999
0.7358877550813112
0.7780083204211253
0.8174515136604775
0.853837475286629
0.8868157885985312
0.91606885441121
0.9413149497095369
0.9623109407948698
0.9788546247954806
0.9907866769907452
0.997992185195301
1.000401756426206
0.9979921851953009
0.9907866769907453
0.9788546247954806
0.9623109407948696
0.9413149497095369
0.91606885441121
0.8868157885985312
0.8538374752866291
0.817451513660477
0.7780083204211257
0.7358877550813109
0.6914954617107
0.6452589623617475
0.5976235397986246
0.5490479491807858
0.5
0.45095205081921397
0.4023764602013752
0.3547410376382528
0.30850453828929986
0.2641122449186889
0.22199167957887458
0.18254848633952256
0.1461625247133708
0.11318421140146867
0.08393114558878986
0.05868505029046291
0.037689059205130125
0.02114537520451954
0.009213323009254643
0.0020078148046990623
-0.0004017564262058761
0.002007814804699062
0.009213323009254645
0.02114537520451954
0.037689059205130125
0.05868505029046293
0.08393114558878986
0.11318421140146867
0.1461625247133708
0.18254848633952256
0.22199167957887458
0.2641122449186889
0.3085045382892998
0.35474103763825277
0.4023764602013753
0.45095205081921386
0.5
0.5490479491807858
0.5976235397986246
0.6452589623617476
0.6914954617106999
0.7358877550813111
0.7780083204211256
0.817451513660477
0.8538374752866293
0.8868157885985309
0.91606885441121
0.941314949709537
0.9623109407948696
0.9788546247954804
0.9907866769907453
0.9979921851953009
1.0004017564262058
0.997992185195301
0.9907866769907453
0.9788546247954804
0.9623109407948698
0.9413149497095369
0.91606885441121
0.8868157885985312
0.853837475286629
0.8174515136604775
0.7780083204211253
0.7358877550813111
0.6914954617106999
0.6452589623617477
0.5976235397986244
0.5490479491807861
0.5000000000000002
0.45095205081921397
0.40237646020137563
0.3547410376382526
0.30850453828929997
0.2641122449186891
0.22199167957887445
0.1825484863395229
0.14616252471337074
0.11318421140146888
0.08393114558879008
0.05868505029046286
0.03768905920513018
0.021145375204519635
0.009213323009254632
0.0020078148046990874
-0.0004017564262058761
0.002007814804699064
0.00921332300925458
0.02114537520451957
0.03768905920513009
0.05868505029046275
0.08393114558878995
0.11318421140146855
0.1461625247133707
0.18254848633952261
0.22199167957887422
0.26411224491868895
0.3085045382892997
0.3547410376382524
0.40237646020137535
0.45095205081921375
0.49999999999999983
0.5490479491807858
0.5976235397986247
0.6452589623617468
0.6914954617107
0.7358877550813105
0.778008320421125
0.8174515136604777
0.8538374752866293
0.8868157885985312
0.9160688544112102
0.9413149497095367
0.96231094079487
0.9788546247954804
0.990786676990745
0.9979921851953006
1.0004017564262058
0.9979921851953009
0.9907866769907452
0.9788546247954804
0.9623109407948698
0.9413149497095372
0.9160688544112099
0.8868157885985314
0.8538374752866295
0.8174515136604784
0.7780083204211252
0.7358877550813111
0.6914954617107
0.6452589623617474
0.5976235397986249
0.549047949180786
0.5000000000000002
0.4509520508192144
0.4023764602013759
0.35474103763825254
0.30850453828929986
0.26411224491868895
0.22199167957887495
0.18254848633952261
0.146162524713371
0.11318421140146889
0.08393114558879022
0.05868505029046313
0.037689059205129896
0.021145375204519482
0.009213323009254747
0.0020078148046990393
-0.00040175642620585654
