7.395575356189037e-6
0.004278622393997169
0.017038528763163054
0.03806183160757716
0.06698887117999136
0.1033247702527394
0.14644789424199864
0.19562039066714368
0.2500009078523565
0.3086589785932055
0.37059094736420356
0.4347371408701924
0.5000000000007007
0.5652628591274105
0.629409052641403
0.6913410213853219
0.7499990922037237
0.8043796092416307
0.8535521067754586
0.8966752297391899
0.9330111295429346
0.9619380888668327
0.982961159416786
0.9957206306269873
0.9999981844074369
0.9957206306269888
0.9829611594167887
0.9619380888668373
0.93301112954294
0.896675229739197
0.8535521067754649
0.804379609241643
0.749999092203725
0.6913410213853579
0.6294090526413344
0.56526285912765
0.5000000000000081
0.43473714087236714
0.3705909473586814
0.3086589786146573
0.2500009077962895
0.1956203907583704
0.14644789322454665
0.10332477026081313
0.06698887045706826
0.03806191113316898
0.017038840583215163
0.004279369373013142
1.8155925630007935e-6
0.004279369373010269
0.017038840583209657
0.03806191113316077
0.06698887045705781
0.10332477026080068
0.14644789322453194
0.19562039075835458
0.2500009077962726
0.3086589786146395
0.37059094735866316
0.43473714087234827
0.49999999999998984
0.5652628591276323
0.6294090526413173
0.6913410213853423
0.7499990922037103
0.8043796092416295
0.8535521067754541
0.8966752297391877
0.9330111295429323
0.9619380888668315
0.9829611594167853
0.9957206306269867
0.9999981844074369
0.9957206306269889
0.9829611594167897
0.9619380888668383
0.9330111295429411
0.8966752297391983
0.8535521067754668
0.804379609241644
0.749999092203726
0.6913410213853592
0.6294090526413352
0.5652628591276508
0.5000000000000089
0.43473714087236703
0.37059094735868164
0.30865897861465713
0.25000090779628925
0.19562039075836984
0.14644789322454566
0.10332477026081227
0.06698887045706758
0.03806191113316836
0.0170388405832148
0.004279369373012896
1.8155925630023501e-6
0.004279369373010558
0.017038840583210157
0.0380619111331615
0.06698887045705865
0.10332477026080143
0.146447893224533
0.19562039075835558
0.25000090779627365
0.3086589786146404
0.37059094735866444
0.4347371408723491
0.49999999999999123
0.5652628591276329
0.6294090526413182
0.6913410213853424
0.7499990922037105
0.8043796092416299
0.8535521067754539
0.8966752297391873
0.933011129542932
0.9619380888668312
0.982961159416785
0.9957206306269865
0.9999981844074369
0.9957206306269891
0.9829611594167897
0.9619380888668387
0.9330111295429413
0.8966752297391986
0.8535521067754668
0.804379609241644
0.7499990922037258
0.6913410213853589
0.6294090526413351
0.5652628591276505
0.5000000000000087
0.43473714087236615
0.3705909473586811
0.30865897861465613
0.2500009077962882
0.195620390758369
0.1464478932245447
0.10332477026081155
0.0669888704570669
0.038061911133167765
0.017038840583214403
0.00427936937301265
1.815592563009631e-6
0.004279369373010834
0.01703884058321044
0.03806191113316185
0.06698887045705926
0.10332477026080202
0.14644789322453378
0.19562039075835588
0.2500009077962735
0.3086589786146406
0.37059094735866416
0.43473714087234844
0.49999999999999006
0.5652628591276317
0.6294090526413169
0.6913410213853413
0.7499990922037089
0.8043796092416285
0.8535521067754529
0.896675229739186
0.9330111295429305
0.9619380888668306
0.9829611594167845
0.9957206306269862
0.999998184407437
0.9957206306269897
0.9829611594167911
0.9619380888668396
0.9330111295429437
0.896675229739201
0.8535521067754714
0.8043796092416456
0.7499990922037395
0.6913410213853384
0.6294090526414197
0.5652628591274286
0.5000000000007184
0.43473714087021087
0.370590947364221
0.3086589785932226
0.25000090785237167
0.19562039066715892
0.14644789424201118
0.10332477025275029
0.06698887118000053
0.038061831607584244
0.017038528763167624
0.004278622393999563
7.39557535608219e-6
