-4.895240910259392e-5
0.009594379099467124
0.03804747010299382
0.08425519250992729
0.1464378221651889
0.22220808473355522
0.30865357286150796
0.40245244487248527
0.49999999909548504
0.5975475582367591
0.6913464178671046
0.7777919424573911
0.853562078331298
0.9157450218639301
0.961951117343289
0.9904046904532314
1.0000122863296201
0.9904046904529742
0.9619511173441833
0.9157450218610765
0.8535620783403268
0.7777919424288614
0.6913464179573698
0.5975475579520833
0.49999999999999994
0.40245244204791636
0.3086535820426301
0.22220805757113876
0.14643792165967204
0.08425497813892638
0.038048882655807456
0.00959530954705454
-1.2286329710473639e-5
0.009595309547054579
0.038048882655807505
0.08425497813892634
0.14643792165967212
0.22220805757113887
0.3086535820426304
0.40245244204791614
0.5000000000000001
0.5975475579520839
0.6913464179573698
0.7777919424288614
0.8535620783403277
0.9157450218610738
0.9619511173441923
0.9904046904529457
1.0000122863297103
0.9904046904529455
0.9619511173441925
0.9157450218610738
0.8535620783403277
0.7777919424288613
0.6913464179573698
0.5975475579520837
0.5
0.40245244204791614
0.3086535820426303
0.22220805757113873
0.14643792165967207
0.08425497813892635
0.03804888265580741
0.00959530954705456
-1.2286329710477191e-5
0.009595309547054552
0.03804888265580743
0.08425497813892634
0.14643792165967207
0.22220805757113873
0.30865358204263027
0.40245244204791625
0.49999999999999994
0.5975475579520837
0.6913464179573697
0.7777919424288612
0.8535620783403277
0.9157450218610738
0.9619511173441924
0.9904046904529453
1.0000122863297105
0.9904046904529455
0.9619511173441925
0.9157450218610738
0.8535620783403278
0.7777919424288613
0.6913464179573697
0.5975475579520839
0.5
0.4024524420479162
0.3086535820426304
0.2222080575711389
0.14643792165967215
0.08425497813892639
0.03804888265580752
0.009595309547054618
-1.228632971047362e-5
0.009595309547054547
0.03804888265580752
0.0842549781389263
0.14643792165967198
0.222208057571139
0.3086535820426304
0.4024524420479164
0.5
0.5975475579520833
0.6913464179573696
0.7777919424288615
0.8535620783403267
0.9157450218610761
0.9619511173441833
0.9904046904529741
1.00001228632962
0.9904046904532314
0.9619511173432888
0.9157450218639301
0.8535620783312983
0.7777919424573911
0.6913464178671048
0.5975475582367595
0.4999999990954851
0.4024524448724854
0.30865357286150813
0.22220808473355527
0.14643782216518902
0.08425519250992702
0.038047470102993725
0.009594379099467027
-4.8952409102511506e-5
