-2.0
-1.9166666666666667
-1.8333333333333335
-1.7500000000000002
-1.666666666666667
-1.5833333333333337
-1.5000000000000004
-1.4166666666666672
-1.333333333333334
-1.2500000000000007
-1.1666666666666674
-1.0833333333333341
-1.0000000000000009
-0.9166666666666675
-0.8333333333333341
-0.7500000000000008
-0.6666666666666674
-0.583333333333334
-0.5000000000000007
-0.41666666666666735
-0.33333333333333404
-0.2500000000000007
-0.1666666666666674
-0.08333333333333408
-7.494005416219807e-16
0.08333333333333258
0.1666666666666659
0.24999999999999922
0.33333333333333254
0.41666666666666585
0.49999999999999917
0.5833333333333325
0.6666666666666659
0.7499999999999992
0.8333333333333326
0.916666666666666
0.9999999999999993
1.0833333333333326
1.1666666666666659
1.2499999999999991
1.3333333333333324
1.4166666666666656
1.499999999999999
1.5833333333333321
1.6666666666666654
1.7499999999999987
1.833333333333332
1.9166666666666652
1.9999999999999984
