-2.0
-1.9986979166666667
-1.9973958333333335
-1.9960937500000002
-1.994791666666667
-1.9934895833333337
-1.9921875000000004
-1.9908854166666672
-1.989583333333334
-1.9882812500000007
-1.9869791666666674
-1.9856770833333341
-1.9843750000000009
-1.9830729166666676
-1.9817708333333344
-1.980468750000001
-1.9791666666666679
-1.9778645833333346
-1.9765625000000013
-1.975260416666668
-1.9739583333333348
-1.9726562500000016
-1.9713541666666683
-1.970052083333335
-1.9687500000000018
-1.9674479166666685
-1.9661458333333353
-1.964843750000002
-1.9635416666666687
-1.9622395833333355
-1.9609375000000022
-1.959635416666669
-1.9583333333333357
-1.9570312500000024
-1.9557291666666692
-1.954427083333336
-1.9531250000000027
-1.9518229166666694
-1.9505208333333361
-1.9492187500000029
-1.9479166666666696
-1.9466145833333364
-1.945312500000003
-1.9440104166666698
-1.9427083333333366
-1.9414062500000033
-1.94010416666667
-1.9388020833333368
-1.9375000000000036
-1.9361979166666703
-1.934895833333337
-1.9335937500000038
-1.9322916666666705
-1.9309895833333373
-1.929687500000004
-1.9283854166666707
-1.9270833333333375
-1.9257812500000042
-1.924479166666671
-1.9231770833333377
-1.9218750000000044
-1.9205729166666712
-1.919270833333338
-1.9179687500000047
-1.9166666666666714
-1.9153645833333381
-1.9140625000000049
-1.9127604166666716
-1.9114583333333384
-1.910156250000005
-1.9088541666666718
-1.9075520833333386
-1.9062500000000053
-1.904947916666672
-1.9036458333333388
-1.9023437500000056
-1.9010416666666723
-1.899739583333339
-1.8984375000000058
-1.8971354166666725
-1.8958333333333393
-1.894531250000006
-1.8932291666666727
-1.8919270833333395
-1.8906250000000062
-1.889322916666673
-1.8880208333333397
-1.8867187500000064
-1.8854166666666732
-1.88411458333334
-1.8828125000000067
-1.8815104166666734
-1.8802083333333401
-1.8789062500000069
-1.8776041666666736
-1.8763020833333404
-1.875000000000007
-1.8736979166666738
-1.8723958333333406
-1.8710937500000073
-1.869791666666674
-1.8684895833333408
-1.8671875000000075
-1.8658854166666743
-1.864583333333341
-1.8632812500000078
-1.8619791666666745
-1.8606770833333413
-1.859375000000008
-1.8580729166666747
-1.8567708333333415
-1.8554687500000082
-1.854166666666675
-1.8528645833333417
-1.8515625000000084
-1.8502604166666752
-1.848958333333342
-1.8476562500000087
-1.8463541666666754
-1.8450520833333421
-1.8437500000000089
-1.8424479166666756
-1.8411458333333424
-1.839843750000009
-1.8385416666666758
-1.8372395833333426
-1.8359375000000093
-1.834635416666676
-1.8333333333333428
-1.8320312500000095
-1.8307291666666763
-1.829427083333343
-1.8281250000000098
-1.8268229166666765
-1.8255208333333433
-1.82421875000001
-1.8229166666666767
-1.8216145833333435
-1.8203125000000102
-1.819010416666677
-1.8177083333333437
-1.8164062500000104
-1.8151041666666772
-1.813802083333344
-1.8125000000000107
-1.8111979166666774
-1.8098958333333441
-1.8085937500000109
-1.8072916666666776
-1.8059895833333444
-1.804687500000011
-1.8033854166666778
-1.8020833333333446
-1.8007812500000113
-1.799479166666678
-1.7981770833333448
-1.7968750000000115
-1.7955729166666783
-1.794270833333345
-1.7929687500000118
-1.7916666666666785
-1.7903645833333452
-1.789062500000012
-1.7877604166666787
-1.7864583333333455
-1.7851562500000122
-1.783854166666679
-1.7825520833333457
-1.7812500000000124
-1.7799479166666792
-1.778645833333346
-1.7773437500000127
-1.7760416666666794
-1.7747395833333461
-1.7734375000000129
-1.7721354166666796
-1.7708333333333464
-1.769531250000013
-1.7682291666666798
-1.7669270833333466
-1.7656250000000133
-1.76432291666668
-1.7630208333333468
-1.7617187500000135
-1.7604166666666803
-1.759114583333347
-1.7578125000000138
-1.7565104166666805
-1.7552083333333472
-1.753906250000014
-1.7526041666666807
-1.7513020833333475
-1.7500000000000142
-1.748697916666681
-1.7473958333333477
-1.7460937500000144
-1.7447916666666812
-1.743489583333348
-1.7421875000000147
-1.7408854166666814
-1.7395833333333481
-1.7382812500000149
-1.7369791666666816
-1.7356770833333484
-1.734375000000015
-1.7330729166666818
-1.7317708333333486
-1.7304687500000153
-1.729166666666682
-1.7278645833333488
-1.7265625000000155
-1.7252604166666823
-1.723958333333349
-1.7226562500000158
-1.7213541666666825
-1.7200520833333492
-1.718750000000016
-1.7174479166666827
-1.7161458333333495
-1.7148437500000162
-1.713541666666683
-1.7122395833333497
-1.7109375000000164
-1.7096354166666832
-1.70833333333335
-1.7070312500000167
-1.7057291666666834
-1.7044270833333501
-1.7031250000000169
-1.7018229166666836
-1.7005208333333504
-1.699218750000017
-1.6979166666666838
-1.6966145833333506
-1.6953125000000173
-1.694010416666684
-1.6927083333333508
-1.6914062500000175
-1.6901041666666843
-1.688802083333351
-1.6875000000000178
-1.6861979166666845
-1.6848958333333512
-1.683593750000018
-1.6822916666666847
-1.6809895833333515
-1.6796875000000182
-1.678385416666685
-1.6770833333333517
-1.6757812500000184
-1.6744791666666852
-1.673177083333352
-1.6718750000000187
-1.6705729166666854
-1.6692708333333521
-1.6679687500000189
-1.6666666666666856
-1.6653645833333524
-1.664062500000019
-1.6627604166666858
-1.6614583333333526
-1.6601562500000193
-1.658854166666686
-1.6575520833333528
-1.6562500000000195
-1.6549479166666863
-1.653645833333353
-1.6523437500000198
-1.6510416666666865
-1.6497395833333532
-1.64843750000002
-1.6471354166666867
-1.6458333333333535
-1.6445312500000202
-1.643229166666687
-1.6419270833333537
-1.6406250000000204
-1.6393229166666872
-1.638020833333354
-1.6367187500000207
-1.6354166666666874
-1.6341145833333541
-1.6328125000000209
-1.6315104166666876
-1.6302083333333544
-1.628906250000021
-1.6276041666666878
-1.6263020833333546
-1.6250000000000213
-1.623697916666688
-1.6223958333333548
-1.6210937500000215
-1.6197916666666883
-1.618489583333355
-1.6171875000000218
-1.6158854166666885
-1.6145833333333552
-1.613281250000022
-1.6119791666666887
-1.6106770833333555
-1.6093750000000222
-1.608072916666689
-1.6067708333333557
-1.6054687500000224
-1.6041666666666892
-1.602864583333356
-1.6015625000000226
-1.6002604166666894
-1.5989583333333561
-1.5976562500000229
-1.5963541666666896
-1.5950520833333564
-1.593750000000023
-1.5924479166666898
-1.5911458333333566
-1.5898437500000233
-1.58854166666669
-1.5872395833333568
-1.5859375000000235
-1.5846354166666903
-1.583333333333357
-1.5820312500000238
-1.5807291666666905
-1.5794270833333572
-1.578125000000024
-1.5768229166666907
-1.5755208333333575
-1.5742187500000242
-1.572916666666691
-1.5716145833333577
-1.5703125000000244
-1.5690104166666912
-1.567708333333358
-1.5664062500000246
-1.5651041666666914
-1.5638020833333581
-1.5625000000000249
-1.5611979166666916
-1.5598958333333584
-1.558593750000025
-1.5572916666666918
-1.5559895833333586
-1.5546875000000253
-1.553385416666692
-1.5520833333333588
-1.5507812500000255
-1.5494791666666923
-1.548177083333359
-1.5468750000000258
-1.5455729166666925
-1.5442708333333592
-1.542968750000026
-1.5416666666666927
-1.5403645833333595
-1.5390625000000262
-1.537760416666693
-1.5364583333333597
-1.5351562500000264
-1.5338541666666932
-1.53255208333336
-1.5312500000000266
-1.5299479166666934
-1.5286458333333601
-1.5273437500000269
-1.5260416666666936
-1.5247395833333603
-1.523437500000027
-1.5221354166666938
-1.5208333333333606
-1.5195312500000273
-1.518229166666694
-1.5169270833333608
-1.5156250000000275
-1.5143229166666943
-1.513020833333361
-1.5117187500000278
-1.5104166666666945
-1.5091145833333612
-1.507812500000028
-1.5065104166666947
-1.5052083333333615
-1.5039062500000282
-1.502604166666695
-1.5013020833333617
-1.5000000000000284
-1.4986979166666952
-1.497395833333362
-1.4960937500000286
-1.4947916666666954
-1.4934895833333621
-1.4921875000000289
-1.4908854166666956
-1.4895833333333623
-1.488281250000029
-1.4869791666666958
-1.4856770833333626
-1.4843750000000293
-1.483072916666696
-1.4817708333333628
-1.4804687500000295
-1.4791666666666963
-1.477864583333363
-1.4765625000000298
-1.4752604166666965
-1.4739583333333632
-1.47265625000003
-1.4713541666666967
-1.4700520833333635
-1.4687500000000302
-1.467447916666697
-1.4661458333333637
-1.4648437500000304
-1.4635416666666972
-1.462239583333364
-1.4609375000000306
-1.4596354166666974
-1.4583333333333641
-1.4570312500000309
-1.4557291666666976
-1.4544270833333643
-1.453125000000031
-1.4518229166666978
-1.4505208333333646
-1.4492187500000313
-1.447916666666698
-1.4466145833333648
-1.4453125000000315
-1.4440104166666983
-1.442708333333365
-1.4414062500000318
-1.4401041666666985
-1.4388020833333652
-1.437500000000032
-1.4361979166666987
-1.4348958333333655
-1.4335937500000322
-1.432291666666699
-1.4309895833333657
-1.4296875000000324
-1.4283854166666992
-1.427083333333366
-1.4257812500000326
-1.4244791666666994
-1.4231770833333661
-1.4218750000000329
-1.4205729166666996
-1.4192708333333663
-1.417968750000033
-1.4166666666666998
-1.4153645833333666
-1.4140625000000333
-1.4127604166667
-1.4114583333333668
-1.4101562500000335
-1.4088541666667003
-1.407552083333367
-1.4062500000000338
-1.4049479166667005
-1.4036458333333672
-1.402343750000034
-1.4010416666667007
-1.3997395833333675
-1.3984375000000342
-1.397135416666701
-1.3958333333333677
-1.3945312500000344
-1.3932291666667012
-1.391927083333368
-1.3906250000000346
-1.3893229166667014
-1.3880208333333681
-1.3867187500000349
-1.3854166666667016
-1.3841145833333683
-1.382812500000035
-1.3815104166667018
-1.3802083333333686
-1.3789062500000353
-1.377604166666702
-1.3763020833333688
-1.3750000000000355
-1.3736979166667023
-1.372395833333369
-1.3710937500000357
-1.3697916666667025
-1.3684895833333692
-1.367187500000036
-1.3658854166667027
-1.3645833333333695
-1.3632812500000362
-1.361979166666703
-1.3606770833333697
-1.3593750000000364
-1.3580729166667032
-1.35677083333337
-1.3554687500000366
-1.3541666666667034
-1.3528645833333701
-1.3515625000000369
-1.3502604166667036
-1.3489583333333703
-1.347656250000037
-1.3463541666667038
-1.3450520833333706
-1.3437500000000373
-1.342447916666704
-1.3411458333333708
-1.3398437500000375
-1.3385416666667043
-1.337239583333371
-1.3359375000000377
-1.3346354166667045
-1.3333333333333712
-1.332031250000038
-1.3307291666667047
-1.3294270833333715
-1.3281250000000382
-1.326822916666705
-1.3255208333333717
-1.3242187500000384
-1.3229166666667052
-1.321614583333372
-1.3203125000000386
-1.3190104166667054
-1.3177083333333721
-1.3164062500000389
-1.3151041666667056
-1.3138020833333723
-1.312500000000039
-1.3111979166667058
-1.3098958333333726
-1.3085937500000393
-1.307291666666706
-1.3059895833333728
-1.3046875000000395
-1.3033854166667063
-1.302083333333373
-1.3007812500000397
-1.2994791666667065
-1.2981770833333732
-1.29687500000004
-1.2955729166667067
-1.2942708333333734
-1.2929687500000402
-1.291666666666707
-1.2903645833333737
-1.2890625000000404
-1.2877604166667072
-1.286458333333374
-1.2851562500000406
-1.2838541666667074
-1.2825520833333741
-1.2812500000000409
-1.2799479166667076
-1.2786458333333743
-1.277343750000041
-1.2760416666667078
-1.2747395833333746
-1.2734375000000413
-1.272135416666708
-1.2708333333333748
-1.2695312500000415
-1.2682291666667083
-1.266927083333375
-1.2656250000000417
-1.2643229166667085
-1.2630208333333752
-1.261718750000042
-1.2604166666667087
-1.2591145833333754
-1.2578125000000422
-1.256510416666709
-1.2552083333333757
-1.2539062500000424
-1.2526041666667092
-1.251302083333376
-1.2500000000000426
-1.2486979166667094
-1.2473958333333761
-1.2460937500000429
-1.2447916666667096
-1.2434895833333763
-1.242187500000043
-1.2408854166667098
-1.2395833333333766
-1.2382812500000433
-1.23697916666671
-1.2356770833333768
-1.2343750000000435
-1.2330729166667103
-1.231770833333377
-1.2304687500000437
-1.2291666666667105
-1.2278645833333772
-1.226562500000044
-1.2252604166667107
-1.2239583333333774
-1.2226562500000442
-1.221354166666711
-1.2200520833333777
-1.2187500000000444
-1.2174479166667111
-1.216145833333378
-1.2148437500000446
-1.2135416666667114
-1.2122395833333781
-1.2109375000000449
-1.2096354166667116
-1.2083333333333783
-1.207031250000045
-1.2057291666667118
-1.2044270833333786
-1.2031250000000453
-1.201822916666712
-1.2005208333333788
-1.1992187500000455
-1.1979166666667123
-1.196614583333379
-1.1953125000000457
-1.1940104166667125
-1.1927083333333792
-1.191406250000046
-1.1901041666667127
-1.1888020833333794
-1.1875000000000462
-1.186197916666713
-1.1848958333333797
-1.1835937500000464
-1.1822916666667131
-1.1809895833333799
-1.1796875000000466
-1.1783854166667134
-1.17708333333338
-1.1757812500000469
-1.1744791666667136
-1.1731770833333803
-1.171875000000047
-1.1705729166667138
-1.1692708333333806
-1.1679687500000473
-1.166666666666714
-1.1653645833333808
-1.1640625000000475
-1.1627604166667143
-1.161458333333381
-1.1601562500000477
-1.1588541666667145
-1.1575520833333812
-1.156250000000048
-1.1549479166667147
-1.1536458333333814
-1.1523437500000482
-1.151041666666715
-1.1497395833333817
-1.1484375000000484
-1.1471354166667151
-1.1458333333333819
-1.1445312500000486
-1.1432291666667154
-1.141927083333382
-1.1406250000000488
-1.1393229166667156
-1.1380208333333823
-1.136718750000049
-1.1354166666667158
-1.1341145833333826
-1.1328125000000493
-1.131510416666716
-1.1302083333333828
-1.1289062500000495
-1.1276041666667163
-1.126302083333383
-1.1250000000000497
-1.1236979166667165
-1.1223958333333832
-1.12109375000005
-1.1197916666667167
-1.1184895833333834
-1.1171875000000502
-1.115885416666717
-1.1145833333333837
-1.1132812500000504
-1.1119791666667171
-1.1106770833333839
-1.1093750000000506
-1.1080729166667174
-1.106770833333384
-1.1054687500000508
-1.1041666666667176
-1.1028645833333843
-1.101562500000051
-1.1002604166667178
-1.0989583333333846
-1.0976562500000513
-1.096354166666718
-1.0950520833333848
-1.0937500000000515
-1.0924479166667183
-1.091145833333385
-1.0898437500000517
-1.0885416666667185
-1.0872395833333852
-1.085937500000052
-1.0846354166667187
-1.0833333333333854
-1.0820312500000522
-1.080729166666719
-1.0794270833333857
-1.0781250000000524
-1.0768229166667191
-1.0755208333333859
-1.0742187500000526
-1.0729166666667194
-1.071614583333386
-1.0703125000000528
-1.0690104166667196
-1.0677083333333863
-1.066406250000053
-1.0651041666667198
-1.0638020833333866
-1.0625000000000533
-1.06119791666672
-1.0598958333333868
-1.0585937500000535
-1.0572916666667203
-1.055989583333387
-1.0546875000000537
-1.0533854166667205
-1.0520833333333872
-1.050781250000054
-1.0494791666667207
-1.0481770833333874
-1.0468750000000542
-1.045572916666721
-1.0442708333333877
-1.0429687500000544
-1.0416666666667211
-1.0403645833333879
-1.0390625000000546
-1.0377604166667214
-1.036458333333388
-1.0351562500000548
-1.0338541666667216
-1.0325520833333883
-1.031250000000055
-1.0299479166667218
-1.0286458333333885
-1.0273437500000553
-1.026041666666722
-1.0247395833333888
-1.0234375000000555
-1.0221354166667223
-1.020833333333389
-1.0195312500000557
-1.0182291666667225
-1.0169270833333892
-1.015625000000056
-1.0143229166667227
-1.0130208333333894
-1.0117187500000562
-1.010416666666723
-1.0091145833333897
-1.0078125000000564
-1.0065104166667231
-1.0052083333333899
-1.0039062500000566
-1.0026041666667234
-1.00130208333339
-1.0000000000000568
-0.9986979166667235
-0.9973958333333901
-0.9960937500000567
-0.9947916666667234
-0.99348958333339
-0.9921875000000566
-0.9908854166667233
-0.9895833333333899
-0.9882812500000565
-0.9869791666667231
-0.9856770833333898
-0.9843750000000564
-0.983072916666723
-0.9817708333333897
-0.9804687500000563
-0.9791666666667229
-0.9778645833333895
-0.9765625000000562
-0.9752604166667228
-0.9739583333333894
-0.9726562500000561
-0.9713541666667227
-0.9700520833333893
-0.968750000000056
-0.9674479166667226
-0.9661458333333892
-0.9648437500000558
-0.9635416666667225
-0.9622395833333891
-0.9609375000000557
-0.9596354166667224
-0.958333333333389
-0.9570312500000556
-0.9557291666667223
-0.9544270833333889
-0.9531250000000555
-0.9518229166667221
-0.9505208333333888
-0.9492187500000554
-0.947916666666722
-0.9466145833333887
-0.9453125000000553
-0.9440104166667219
-0.9427083333333885
-0.9414062500000552
-0.9401041666667218
-0.9388020833333884
-0.9375000000000551
-0.9361979166667217
-0.9348958333333883
-0.933593750000055
-0.9322916666667216
-0.9309895833333882
-0.9296875000000548
-0.9283854166667215
-0.9270833333333881
-0.9257812500000547
-0.9244791666667214
-0.923177083333388
-0.9218750000000546
-0.9205729166667213
-0.9192708333333879
-0.9179687500000545
-0.9166666666667211
-0.9153645833333878
-0.9140625000000544
-0.912760416666721
-0.9114583333333877
-0.9101562500000543
-0.9088541666667209
-0.9075520833333875
-0.9062500000000542
-0.9049479166667208
-0.9036458333333874
-0.9023437500000541
-0.9010416666667207
-0.8997395833333873
-0.898437500000054
-0.8971354166667206
-0.8958333333333872
-0.8945312500000538
-0.8932291666667205
-0.8919270833333871
-0.8906250000000537
-0.8893229166667204
-0.888020833333387
-0.8867187500000536
-0.8854166666667203
-0.8841145833333869
-0.8828125000000535
-0.8815104166667201
-0.8802083333333868
-0.8789062500000534
-0.87760416666672
-0.8763020833333867
-0.8750000000000533
-0.8736979166667199
-0.8723958333333866
-0.8710937500000532
-0.8697916666667198
-0.8684895833333864
-0.8671875000000531
-0.8658854166667197
-0.8645833333333863
-0.863281250000053
-0.8619791666667196
-0.8606770833333862
-0.8593750000000528
-0.8580729166667195
-0.8567708333333861
-0.8554687500000527
-0.8541666666667194
-0.852864583333386
-0.8515625000000526
-0.8502604166667193
-0.8489583333333859
-0.8476562500000525
-0.8463541666667191
-0.8450520833333858
-0.8437500000000524
-0.842447916666719
-0.8411458333333857
-0.8398437500000523
-0.8385416666667189
-0.8372395833333856
-0.8359375000000522
-0.8346354166667188
-0.8333333333333854
-0.8320312500000521
-0.8307291666667187
-0.8294270833333853
-0.828125000000052
-0.8268229166667186
-0.8255208333333852
-0.8242187500000518
-0.8229166666667185
-0.8216145833333851
-0.8203125000000517
-0.8190104166667184
-0.817708333333385
-0.8164062500000516
-0.8151041666667183
-0.8138020833333849
-0.8125000000000515
-0.8111979166667181
-0.8098958333333848
-0.8085937500000514
-0.807291666666718
-0.8059895833333847
-0.8046875000000513
-0.8033854166667179
-0.8020833333333846
-0.8007812500000512
-0.7994791666667178
-0.7981770833333844
-0.7968750000000511
-0.7955729166667177
-0.7942708333333843
-0.792968750000051
-0.7916666666667176
-0.7903645833333842
-0.7890625000000508
-0.7877604166667175
-0.7864583333333841
-0.7851562500000507
-0.7838541666667174
-0.782552083333384
-0.7812500000000506
-0.7799479166667173
-0.7786458333333839
-0.7773437500000505
-0.7760416666667171
-0.7747395833333838
-0.7734375000000504
-0.772135416666717
-0.7708333333333837
-0.7695312500000503
-0.7682291666667169
-0.7669270833333836
-0.7656250000000502
-0.7643229166667168
-0.7630208333333834
-0.7617187500000501
-0.7604166666667167
-0.7591145833333833
-0.75781250000005
-0.7565104166667166
-0.7552083333333832
-0.7539062500000498
-0.7526041666667165
-0.7513020833333831
-0.7500000000000497
-0.7486979166667164
-0.747395833333383
-0.7460937500000496
-0.7447916666667163
-0.7434895833333829
-0.7421875000000495
-0.7408854166667161
-0.7395833333333828
-0.7382812500000494
-0.736979166666716
-0.7356770833333827
-0.7343750000000493
-0.7330729166667159
-0.7317708333333826
-0.7304687500000492
-0.7291666666667158
-0.7278645833333824
-0.7265625000000491
-0.7252604166667157
-0.7239583333333823
-0.722656250000049
-0.7213541666667156
-0.7200520833333822
-0.7187500000000488
-0.7174479166667155
-0.7161458333333821
-0.7148437500000487
-0.7135416666667154
-0.712239583333382
-0.7109375000000486
-0.7096354166667153
-0.7083333333333819
-0.7070312500000485
-0.7057291666667151
-0.7044270833333818
-0.7031250000000484
-0.701822916666715
-0.7005208333333817
-0.6992187500000483
-0.6979166666667149
-0.6966145833333816
-0.6953125000000482
-0.6940104166667148
-0.6927083333333814
-0.6914062500000481
-0.6901041666667147
-0.6888020833333813
-0.687500000000048
-0.6861979166667146
-0.6848958333333812
-0.6835937500000479
-0.6822916666667145
-0.6809895833333811
-0.6796875000000477
-0.6783854166667144
-0.677083333333381
-0.6757812500000476
-0.6744791666667143
-0.6731770833333809
-0.6718750000000475
-0.6705729166667141
-0.6692708333333808
-0.6679687500000474
-0.666666666666714
-0.6653645833333807
-0.6640625000000473
-0.6627604166667139
-0.6614583333333806
-0.6601562500000472
-0.6588541666667138
-0.6575520833333804
-0.6562500000000471
-0.6549479166667137
-0.6536458333333803
-0.652343750000047
-0.6510416666667136
-0.6497395833333802
-0.6484375000000469
-0.6471354166667135
-0.6458333333333801
-0.6445312500000467
-0.6432291666667134
-0.64192708333338
-0.6406250000000466
-0.6393229166667133
-0.6380208333333799
-0.6367187500000465
-0.6354166666667131
-0.6341145833333798
-0.6328125000000464
-0.631510416666713
-0.6302083333333797
-0.6289062500000463
-0.6276041666667129
-0.6263020833333796
-0.6250000000000462
-0.6236979166667128
-0.6223958333333794
-0.6210937500000461
-0.6197916666667127
-0.6184895833333793
-0.617187500000046
-0.6158854166667126
-0.6145833333333792
-0.6132812500000459
-0.6119791666667125
-0.6106770833333791
-0.6093750000000457
-0.6080729166667124
-0.606770833333379
-0.6054687500000456
-0.6041666666667123
-0.6028645833333789
-0.6015625000000455
-0.6002604166667121
-0.5989583333333788
-0.5976562500000454
-0.596354166666712
-0.5950520833333787
-0.5937500000000453
-0.5924479166667119
-0.5911458333333786
-0.5898437500000452
-0.5885416666667118
-0.5872395833333784
-0.5859375000000451
-0.5846354166667117
-0.5833333333333783
-0.582031250000045
-0.5807291666667116
-0.5794270833333782
-0.5781250000000449
-0.5768229166667115
-0.5755208333333781
-0.5742187500000447
-0.5729166666667114
-0.571614583333378
-0.5703125000000446
-0.5690104166667113
-0.5677083333333779
-0.5664062500000445
-0.5651041666667111
-0.5638020833333778
-0.5625000000000444
-0.561197916666711
-0.5598958333333777
-0.5585937500000443
-0.5572916666667109
-0.5559895833333776
-0.5546875000000442
-0.5533854166667108
-0.5520833333333774
-0.5507812500000441
-0.5494791666667107
-0.5481770833333773
-0.546875000000044
-0.5455729166667106
-0.5442708333333772
-0.5429687500000439
-0.5416666666667105
-0.5403645833333771
-0.5390625000000437
-0.5377604166667104
-0.536458333333377
-0.5351562500000436
-0.5338541666667103
-0.5325520833333769
-0.5312500000000435
-0.5299479166667102
-0.5286458333333768
-0.5273437500000434
-0.52604166666671
-0.5247395833333767
-0.5234375000000433
-0.5221354166667099
-0.5208333333333766
-0.5195312500000432
-0.5182291666667098
-0.5169270833333764
-0.5156250000000431
-0.5143229166667097
-0.5130208333333763
-0.511718750000043
-0.5104166666667096
-0.5091145833333762
-0.5078125000000429
-0.5065104166667095
-0.5052083333333761
-0.5039062500000427
-0.5026041666667094
-0.501302083333376
-0.5000000000000426
-0.4986979166667093
-0.497395833333376
-0.4960937500000427
-0.4947916666667094
-0.49348958333337606
-0.49218750000004274
-0.49088541666670943
-0.4895833333333761
-0.4882812500000428
-0.4869791666667095
-0.48567708333337617
-0.48437500000004285
-0.48307291666670954
-0.4817708333333762
-0.4804687500000429
-0.4791666666667096
-0.4778645833333763
-0.47656250000004297
-0.47526041666670965
-0.47395833333337634
-0.472656250000043
-0.4713541666667097
-0.4700520833333764
-0.4687500000000431
-0.46744791666670976
-0.46614583333337645
-0.46484375000004313
-0.4635416666667098
-0.4622395833333765
-0.4609375000000432
-0.4596354166667099
-0.45833333333337656
-0.45703125000004324
-0.45572916666670993
-0.4544270833333766
-0.4531250000000433
-0.45182291666671
-0.45052083333337667
-0.44921875000004335
-0.44791666666671004
-0.4466145833333767
-0.4453125000000434
-0.4440104166667101
-0.4427083333333768
-0.44140625000004347
-0.44010416666671015
-0.43880208333337684
-0.4375000000000435
-0.4361979166667102
-0.4348958333333769
-0.4335937500000436
-0.43229166666671026
-0.43098958333337695
-0.42968750000004363
-0.4283854166667103
-0.427083333333377
-0.4257812500000437
-0.4244791666667104
-0.42317708333337706
-0.42187500000004374
-0.42057291666671043
-0.4192708333333771
-0.4179687500000438
-0.4166666666667105
-0.41536458333337717
-0.41406250000004385
-0.41276041666671054
-0.4114583333333772
-0.4101562500000439
-0.4088541666667106
-0.4075520833333773
-0.40625000000004396
-0.40494791666671065
-0.40364583333337734
-0.402343750000044
-0.4010416666667107
-0.3997395833333774
-0.3984375000000441
-0.39713541666671076
-0.39583333333337745
-0.39453125000004413
-0.3932291666667108
-0.3919270833333775
-0.3906250000000442
-0.38932291666671087
-0.38802083333337756
-0.38671875000004424
-0.3854166666667109
-0.3841145833333776
-0.3828125000000443
-0.381510416666711
-0.38020833333337767
-0.37890625000004435
-0.37760416666671104
-0.3763020833333777
-0.3750000000000444
-0.3736979166667111
-0.3723958333333778
-0.37109375000004446
-0.36979166666671115
-0.36848958333337783
-0.3671875000000445
-0.3658854166667112
-0.3645833333333779
-0.3632812500000446
-0.36197916666671126
-0.36067708333337795
-0.35937500000004463
-0.3580729166667113
-0.356770833333378
-0.3554687500000447
-0.35416666666671137
-0.35286458333337806
-0.35156250000004474
-0.3502604166667114
-0.3489583333333781
-0.3476562500000448
-0.3463541666667115
-0.34505208333337817
-0.34375000000004485
-0.34244791666671154
-0.3411458333333782
-0.3398437500000449
-0.3385416666667116
-0.3372395833333783
-0.33593750000004496
-0.33463541666671165
-0.33333333333337833
-0.332031250000045
-0.3307291666667117
-0.3294270833333784
-0.3281250000000451
-0.32682291666671176
-0.32552083333337845
-0.32421875000004513
-0.3229166666667118
-0.3216145833333785
-0.3203125000000452
-0.31901041666671187
-0.31770833333337856
-0.31640625000004524
-0.3151041666667119
-0.3138020833333786
-0.3125000000000453
-0.311197916666712
-0.30989583333337867
-0.30859375000004535
-0.30729166666671204
-0.3059895833333787
-0.3046875000000454
-0.3033854166667121
-0.3020833333333788
-0.30078125000004546
-0.29947916666671215
-0.29817708333337883
-0.2968750000000455
-0.2955729166667122
-0.2942708333333789
-0.2929687500000456
-0.29166666666671226
-0.29036458333337894
-0.28906250000004563
-0.2877604166667123
-0.286458333333379
-0.2851562500000457
-0.28385416666671237
-0.28255208333337906
-0.28125000000004574
-0.2799479166667124
-0.2786458333333791
-0.2773437500000458
-0.2760416666667125
-0.27473958333337917
-0.27343750000004585
-0.27213541666671254
-0.2708333333333792
-0.2695312500000459
-0.2682291666667126
-0.2669270833333793
-0.26562500000004596
-0.26432291666671265
-0.26302083333337933
-0.261718750000046
-0.2604166666667127
-0.2591145833333794
-0.2578125000000461
-0.25651041666671276
-0.25520833333337944
-0.25390625000004613
-0.2526041666667128
-0.2513020833333795
-0.2500000000000462
-0.24869791666671284
-0.2473958333333795
-0.24609375000004616
-0.24479166666671281
-0.24348958333337947
-0.24218750000004613
-0.2408854166667128
-0.23958333333337944
-0.2382812500000461
-0.23697916666671276
-0.23567708333337942
-0.23437500000004607
-0.23307291666671273
-0.2317708333333794
-0.23046875000004605
-0.2291666666667127
-0.22786458333337936
-0.22656250000004602
-0.22526041666671268
-0.22395833333337933
-0.222656250000046
-0.22135416666671265
-0.2200520833333793
-0.21875000000004596
-0.21744791666671262
-0.21614583333337928
-0.21484375000004594
-0.2135416666667126
-0.21223958333337925
-0.2109375000000459
-0.20963541666671257
-0.20833333333337922
-0.20703125000004588
-0.20572916666671254
-0.2044270833333792
-0.20312500000004585
-0.2018229166667125
-0.20052083333337917
-0.19921875000004582
-0.19791666666671248
-0.19661458333337914
-0.1953125000000458
-0.19401041666671245
-0.1927083333333791
-0.19140625000004577
-0.19010416666671243
-0.18880208333337908
-0.18750000000004574
-0.1861979166667124
-0.18489583333337906
-0.1835937500000457
-0.18229166666671237
-0.18098958333337903
-0.17968750000004569
-0.17838541666671234
-0.177083333333379
-0.17578125000004566
-0.17447916666671232
-0.17317708333337897
-0.17187500000004563
-0.1705729166667123
-0.16927083333337894
-0.1679687500000456
-0.16666666666671226
-0.16536458333337892
-0.16406250000004557
-0.16276041666671223
-0.1614583333333789
-0.16015625000004555
-0.1588541666667122
-0.15755208333337886
-0.15625000000004552
-0.15494791666671218
-0.15364583333337883
-0.1523437500000455
-0.15104166666671215
-0.1497395833333788
-0.14843750000004546
-0.14713541666671212
-0.14583333333337878
-0.14453125000004544
-0.1432291666667121
-0.14192708333337875
-0.1406250000000454
-0.13932291666671207
-0.13802083333337872
-0.13671875000004538
-0.13541666666671204
-0.1341145833333787
-0.13281250000004535
-0.131510416666712
-0.13020833333337867
-0.12890625000004532
-0.12760416666671198
-0.12630208333337864
-0.1250000000000453
-0.12369791666671197
-0.12239583333337864
-0.12109375000004531
-0.11979166666671198
-0.11848958333337865
-0.11718750000004532
-0.115885416666712
-0.11458333333337867
-0.11328125000004534
-0.11197916666671201
-0.11067708333337868
-0.10937500000004535
-0.10807291666671202
-0.1067708333333787
-0.10546875000004537
-0.10416666666671204
-0.10286458333337871
-0.10156250000004538
-0.10026041666671205
-0.09895833333337872
-0.0976562500000454
-0.09635416666671207
-0.09505208333337874
-0.09375000000004541
-0.09244791666671208
-0.09114583333337875
-0.08984375000004542
-0.0885416666667121
-0.08723958333337876
-0.08593750000004544
-0.08463541666671211
-0.08333333333337878
-0.08203125000004545
-0.08072916666671212
-0.07942708333337879
-0.07812500000004546
-0.07682291666671213
-0.0755208333333788
-0.07421875000004548
-0.07291666666671215
-0.07161458333337882
-0.07031250000004549
-0.06901041666671216
-0.06770833333337883
-0.0664062500000455
-0.06510416666671218
-0.06380208333337885
-0.06250000000004552
-0.061197916666712183
-0.05989583333337885
-0.05859375000004551
-0.05729166666671218
-0.05598958333337884
-0.054687500000045505
-0.05338541666671217
-0.052083333333378834
-0.0507812500000455
-0.04947916666671216
-0.04817708333337883
-0.04687500000004549
-0.045572916666712156
-0.04427083333337882
-0.042968750000045484
-0.04166666666671215
-0.04036458333337881
-0.03906250000004548
-0.03776041666671214
-0.036458333333378806
-0.03515625000004547
-0.033854166666712135
-0.0325520833333788
-0.031250000000045464
-0.02994791666671213
-0.0286458333333788
-0.027343750000045467
-0.026041666666712135
-0.024739583333378803
-0.02343750000004547
-0.02213541666671214
-0.020833333333378806
-0.019531250000045474
-0.018229166666712142
-0.01692708333337881
-0.015625000000045478
-0.014322916666712144
-0.01302083333337881
-0.011718750000045476
-0.010416666666712142
-0.009114583333378808
-0.007812500000045474
-0.006510416666712141
-0.005208333333378808
-0.003906250000045475
-0.002604166666712142
-0.0013020833333788086
-4.5475342241863004e-14
0.001302083333287858
0.002604166666621191
0.0039062499999545242
0.005208333333287857
0.00651041666662119
0.007812499999954523
0.009114583333287856
0.01041666666662119
0.011718749999954524
0.013020833333287858
0.014322916666621192
0.015624999999954526
0.016927083333287858
0.01822916666662119
0.019531249999954522
0.020833333333287855
0.022135416666621187
0.02343749999995452
0.02473958333328785
0.026041666666621183
0.027343749999954516
0.028645833333287848
0.02994791666662118
0.031249999999954512
0.032552083333287844
0.03385416666662118
0.035156249999954516
0.03645833333328785
0.03776041666662119
0.03906249999995452
0.04036458333328786
0.041666666666621194
0.04296874999995453
0.044270833333287865
0.0455729166666212
0.046874999999954536
0.04817708333328787
0.04947916666662121
0.05078124999995454
0.05208333333328788
0.053385416666621215
0.05468749999995455
0.055989583333287886
0.05729166666662122
0.05859374999995456
0.05989583333328789
0.06119791666662123
0.062499999999954564
0.06380208333328789
0.06510416666662122
0.06640624999995455
0.06770833333328788
0.06901041666662121
0.07031249999995454
0.07161458333328787
0.0729166666666212
0.07421874999995452
0.07552083333328785
0.07682291666662118
0.07812499999995451
0.07942708333328784
0.08072916666662117
0.0820312499999545
0.08333333333328782
0.08463541666662115
0.08593749999995448
0.08723958333328781
0.08854166666662114
0.08984374999995447
0.0911458333332878
0.09244791666662112
0.09374999999995445
0.09505208333328778
0.09635416666662111
0.09765624999995444
0.09895833333328777
0.1002604166666211
0.10156249999995443
0.10286458333328775
0.10416666666662108
0.10546874999995441
0.10677083333328774
0.10807291666662107
0.1093749999999544
0.11067708333328773
0.11197916666662106
0.11328124999995438
0.11458333333328771
0.11588541666662104
0.11718749999995437
0.1184895833332877
0.11979166666662103
0.12109374999995436
0.12239583333328768
0.12369791666662101
0.12499999999995434
0.12630208333328768
0.12760416666662103
0.12890624999995437
0.1302083333332877
0.13151041666662106
0.1328124999999544
0.13411458333328774
0.13541666666662108
0.13671874999995443
0.13802083333328777
0.1393229166666211
0.14062499999995445
0.1419270833332878
0.14322916666662114
0.14453124999995448
0.14583333333328782
0.14713541666662117
0.1484374999999545
0.14973958333328785
0.1510416666666212
0.15234374999995454
0.15364583333328788
0.15494791666662122
0.15624999999995456
0.1575520833332879
0.15885416666662125
0.1601562499999546
0.16145833333328793
0.16276041666662128
0.16406249999995462
0.16536458333328796
0.1666666666666213
0.16796874999995465
0.169270833333288
0.17057291666662133
0.17187499999995468
0.17317708333328802
0.17447916666662136
0.1757812499999547
0.17708333333328805
0.1783854166666214
0.17968749999995473
0.18098958333328807
0.18229166666662142
0.18359374999995476
0.1848958333332881
0.18619791666662144
0.1874999999999548
0.18880208333328813
0.19010416666662147
0.19140624999995481
0.19270833333328816
0.1940104166666215
0.19531249999995484
0.19661458333328818
0.19791666666662153
0.19921874999995487
0.2005208333332882
0.20182291666662155
0.2031249999999549
0.20442708333328824
0.20572916666662158
0.20703124999995492
0.20833333333328827
0.2096354166666216
0.21093749999995495
0.2122395833332883
0.21354166666662164
0.21484374999995498
0.21614583333328832
0.21744791666662167
0.218749999999955
0.22005208333328835
0.2213541666666217
0.22265624999995504
0.22395833333328838
0.22526041666662172
0.22656249999995506
0.2278645833332884
0.22916666666662175
0.2304687499999551
0.23177083333328843
0.23307291666662178
0.23437499999995512
0.23567708333328846
0.2369791666666218
0.23828124999995515
0.2395833333332885
0.24088541666662183
0.24218749999995517
0.24348958333328852
0.24479166666662186
0.2460937499999552
0.24739583333328855
0.2486979166666219
0.24999999999995523
0.2513020833332886
0.2526041666666219
0.2539062499999552
0.2552083333332885
0.25651041666662183
0.25781249999995515
0.25911458333328846
0.2604166666666218
0.2617187499999551
0.2630208333332884
0.2643229166666217
0.26562499999995504
0.26692708333328835
0.26822916666662167
0.269531249999955
0.2708333333332883
0.2721354166666216
0.2734374999999549
0.27473958333328824
0.27604166666662155
0.27734374999995487
0.2786458333332882
0.2799479166666215
0.2812499999999548
0.28255208333328813
0.28385416666662144
0.28515624999995476
0.2864583333332881
0.2877604166666214
0.2890624999999547
0.290364583333288
0.29166666666662133
0.29296874999995465
0.29427083333328796
0.2955729166666213
0.2968749999999546
0.2981770833332879
0.2994791666666212
0.30078124999995454
0.30208333333328785
0.30338541666662117
0.3046874999999545
0.3059895833332878
0.3072916666666211
0.3085937499999544
0.30989583333328774
0.31119791666662106
0.31249999999995437
0.3138020833332877
0.315104166666621
0.3164062499999543
0.31770833333328763
0.31901041666662094
0.32031249999995426
0.3216145833332876
0.3229166666666209
0.3242187499999542
0.3255208333332875
0.32682291666662083
0.32812499999995415
0.32942708333328746
0.3307291666666208
0.3320312499999541
0.3333333333332874
0.3346354166666207
0.33593749999995404
0.33723958333328735
0.33854166666662067
0.339843749999954
0.3411458333332873
0.3424479166666206
0.3437499999999539
0.34505208333328724
0.34635416666662056
0.34765624999995387
0.3489583333332872
0.3502604166666205
0.3515624999999538
0.35286458333328713
0.35416666666662044
0.35546874999995376
0.3567708333332871
0.3580729166666204
0.3593749999999537
0.360677083333287
0.36197916666662033
0.36328124999995365
0.36458333333328696
0.3658854166666203
0.3671874999999536
0.3684895833332869
0.3697916666666202
0.37109374999995354
0.37239583333328685
0.37369791666662017
0.3749999999999535
0.3763020833332868
0.3776041666666201
0.3789062499999534
0.38020833333328674
0.38151041666662006
0.38281249999995337
0.3841145833332867
0.38541666666662
0.3867187499999533
0.38802083333328663
0.38932291666661994
0.39062499999995326
0.3919270833332866
0.3932291666666199
0.3945312499999532
0.3958333333332865
0.39713541666661983
0.39843749999995315
0.39973958333328646
0.4010416666666198
0.4023437499999531
0.4036458333332864
0.4049479166666197
0.40624999999995304
0.40755208333328635
0.40885416666661967
0.410156249999953
0.4114583333332863
0.4127604166666196
0.4140624999999529
0.41536458333328624
0.41666666666661956
0.41796874999995287
0.4192708333332862
0.4205729166666195
0.4218749999999528
0.42317708333328613
0.42447916666661945
0.42578124999995276
0.4270833333332861
0.4283854166666194
0.4296874999999527
0.430989583333286
0.43229166666661933
0.43359374999995265
0.43489583333328596
0.4361979166666193
0.4374999999999526
0.4388020833332859
0.4401041666666192
0.44140624999995254
0.44270833333328585
0.44401041666661917
0.4453124999999525
0.4466145833332858
0.4479166666666191
0.4492187499999524
0.45052083333328574
0.45182291666661906
0.45312499999995237
0.4544270833332857
0.455729166666619
0.4570312499999523
0.45833333333328563
0.45963541666661895
0.46093749999995226
0.4622395833332856
0.4635416666666189
0.4648437499999522
0.4661458333332855
0.46744791666661883
0.46874999999995215
0.47005208333328546
0.4713541666666188
0.4726562499999521
0.4739583333332854
0.4752604166666187
0.47656249999995204
0.47786458333328535
0.47916666666661867
0.480468749999952
0.4817708333332853
0.4830729166666186
0.4843749999999519
0.48567708333328524
0.48697916666661856
0.48828124999995187
0.4895833333332852
0.4908854166666185
0.4921874999999518
0.49348958333328513
0.49479166666661845
0.49609374999995176
0.4973958333332851
0.4986979166666184
0.4999999999999517
0.5013020833332851
0.5026041666666184
0.5039062499999518
0.5052083333332852
0.5065104166666186
0.5078124999999519
0.5091145833332853
0.5104166666666187
0.511718749999952
0.5130208333332854
0.5143229166666188
0.5156249999999521
0.5169270833332855
0.5182291666666189
0.5195312499999523
0.5208333333332856
0.522135416666619
0.5234374999999524
0.5247395833332857
0.5260416666666191
0.5273437499999525
0.5286458333332859
0.5299479166666192
0.5312499999999526
0.532552083333286
0.5338541666666193
0.5351562499999527
0.5364583333332861
0.5377604166666194
0.5390624999999528
0.5403645833332862
0.5416666666666196
0.5429687499999529
0.5442708333332863
0.5455729166666197
0.546874999999953
0.5481770833332864
0.5494791666666198
0.5507812499999531
0.5520833333332865
0.5533854166666199
0.5546874999999533
0.5559895833332866
0.55729166666662
0.5585937499999534
0.5598958333332867
0.5611979166666201
0.5624999999999535
0.5638020833332869
0.5651041666666202
0.5664062499999536
0.567708333333287
0.5690104166666203
0.5703124999999537
0.5716145833332871
0.5729166666666204
0.5742187499999538
0.5755208333332872
0.5768229166666206
0.5781249999999539
0.5794270833332873
0.5807291666666207
0.582031249999954
0.5833333333332874
0.5846354166666208
0.5859374999999541
0.5872395833332875
0.5885416666666209
0.5898437499999543
0.5911458333332876
0.592447916666621
0.5937499999999544
0.5950520833332877
0.5963541666666211
0.5976562499999545
0.5989583333332879
0.6002604166666212
0.6015624999999546
0.602864583333288
0.6041666666666213
0.6054687499999547
0.6067708333332881
0.6080729166666214
0.6093749999999548
0.6106770833332882
0.6119791666666216
0.6132812499999549
0.6145833333332883
0.6158854166666217
0.617187499999955
0.6184895833332884
0.6197916666666218
0.6210937499999551
0.6223958333332885
0.6236979166666219
0.6249999999999553
0.6263020833332886
0.627604166666622
0.6289062499999554
0.6302083333332887
0.6315104166666221
0.6328124999999555
0.6341145833332889
0.6354166666666222
0.6367187499999556
0.638020833333289
0.6393229166666223
0.6406249999999557
0.6419270833332891
0.6432291666666224
0.6445312499999558
0.6458333333332892
0.6471354166666226
0.6484374999999559
0.6497395833332893
0.6510416666666227
0.652343749999956
0.6536458333332894
0.6549479166666228
0.6562499999999561
0.6575520833332895
0.6588541666666229
0.6601562499999563
0.6614583333332896
0.662760416666623
0.6640624999999564
0.6653645833332897
0.6666666666666231
0.6679687499999565
0.6692708333332898
0.6705729166666232
0.6718749999999566
0.67317708333329
0.6744791666666233
0.6757812499999567
0.6770833333332901
0.6783854166666234
0.6796874999999568
0.6809895833332902
0.6822916666666236
0.6835937499999569
0.6848958333332903
0.6861979166666237
0.687499999999957
0.6888020833332904
0.6901041666666238
0.6914062499999571
0.6927083333332905
0.6940104166666239
0.6953124999999573
0.6966145833332906
0.697916666666624
0.6992187499999574
0.7005208333332907
0.7018229166666241
0.7031249999999575
0.7044270833332908
0.7057291666666242
0.7070312499999576
0.708333333333291
0.7096354166666243
0.7109374999999577
0.7122395833332911
0.7135416666666244
0.7148437499999578
0.7161458333332912
0.7174479166666246
0.7187499999999579
0.7200520833332913
0.7213541666666247
0.722656249999958
0.7239583333332914
0.7252604166666248
0.7265624999999581
0.7278645833332915
0.7291666666666249
0.7304687499999583
0.7317708333332916
0.733072916666625
0.7343749999999584
0.7356770833332917
0.7369791666666251
0.7382812499999585
0.7395833333332918
0.7408854166666252
0.7421874999999586
0.743489583333292
0.7447916666666253
0.7460937499999587
0.7473958333332921
0.7486979166666254
0.7499999999999588
0.7513020833332922
0.7526041666666256
0.7539062499999589
0.7552083333332923
0.7565104166666257
0.757812499999959
0.7591145833332924
0.7604166666666258
0.7617187499999591
0.7630208333332925
0.7643229166666259
0.7656249999999593
0.7669270833332926
0.768229166666626
0.7695312499999594
0.7708333333332927
0.7721354166666261
0.7734374999999595
0.7747395833332928
0.7760416666666262
0.7773437499999596
0.778645833333293
0.7799479166666263
0.7812499999999597
0.7825520833332931
0.7838541666666264
0.7851562499999598
0.7864583333332932
0.7877604166666266
0.7890624999999599
0.7903645833332933
0.7916666666666267
0.79296874999996
0.7942708333332934
0.7955729166666268
0.7968749999999601
0.7981770833332935
0.7994791666666269
0.8007812499999603
0.8020833333332936
0.803385416666627
0.8046874999999604
0.8059895833332937
0.8072916666666271
0.8085937499999605
0.8098958333332938
0.8111979166666272
0.8124999999999606
0.813802083333294
0.8151041666666273
0.8164062499999607
0.8177083333332941
0.8190104166666274
0.8203124999999608
0.8216145833332942
0.8229166666666275
0.8242187499999609
0.8255208333332943
0.8268229166666277
0.828124999999961
0.8294270833332944
0.8307291666666278
0.8320312499999611
0.8333333333332945
0.8346354166666279
0.8359374999999613
0.8372395833332946
0.838541666666628
0.8398437499999614
0.8411458333332947
0.8424479166666281
0.8437499999999615
0.8450520833332948
0.8463541666666282
0.8476562499999616
0.848958333333295
0.8502604166666283
0.8515624999999617
0.8528645833332951
0.8541666666666284
0.8554687499999618
0.8567708333332952
0.8580729166666285
0.8593749999999619
0.8606770833332953
0.8619791666666287
0.863281249999962
0.8645833333332954
0.8658854166666288
0.8671874999999621
0.8684895833332955
0.8697916666666289
0.8710937499999623
0.8723958333332956
0.873697916666629
0.8749999999999624
0.8763020833332957
0.8776041666666291
0.8789062499999625
0.8802083333332958
0.8815104166666292
0.8828124999999626
0.884114583333296
0.8854166666666293
0.8867187499999627
0.8880208333332961
0.8893229166666294
0.8906249999999628
0.8919270833332962
0.8932291666666295
0.8945312499999629
0.8958333333332963
0.8971354166666297
0.898437499999963
0.8997395833332964
0.9010416666666298
0.9023437499999631
0.9036458333332965
0.9049479166666299
0.9062499999999633
0.9075520833332966
0.90885416666663
0.9101562499999634
0.9114583333332967
0.9127604166666301
0.9140624999999635
0.9153645833332968
0.9166666666666302
0.9179687499999636
0.919270833333297
0.9205729166666303
0.9218749999999637
0.9231770833332971
0.9244791666666304
0.9257812499999638
0.9270833333332972
0.9283854166666305
0.9296874999999639
0.9309895833332973
0.9322916666666307
0.933593749999964
0.9348958333332974
0.9361979166666308
0.9374999999999641
0.9388020833332975
0.9401041666666309
0.9414062499999643
0.9427083333332976
0.944010416666631
0.9453124999999644
0.9466145833332977
0.9479166666666311
0.9492187499999645
0.9505208333332978
0.9518229166666312
0.9531249999999646
0.954427083333298
0.9557291666666313
0.9570312499999647
0.9583333333332981
0.9596354166666314
0.9609374999999648
0.9622395833332982
0.9635416666666315
0.9648437499999649
0.9661458333332983
0.9674479166666317
0.968749999999965
0.9700520833332984
0.9713541666666318
0.9726562499999651
0.9739583333332985
0.9752604166666319
0.9765624999999653
0.9778645833332986
0.979166666666632
0.9804687499999654
0.9817708333332987
0.9830729166666321
0.9843749999999655
0.9856770833332988
0.9869791666666322
0.9882812499999656
0.989583333333299
0.9908854166666323
0.9921874999999657
0.9934895833332991
0.9947916666666324
0.9960937499999658
0.9973958333332992
0.9986979166666325
0.9999999999999659
1.0013020833332993
1.0026041666666325
1.0039062499999658
1.005208333333299
1.0065104166666323
1.0078124999999656
1.0091145833332988
1.010416666666632
1.0117187499999654
1.0130208333332986
1.0143229166666319
1.0156249999999651
1.0169270833332984
1.0182291666666317
1.019531249999965
1.0208333333332982
1.0221354166666314
1.0234374999999647
1.024739583333298
1.0260416666666312
1.0273437499999645
1.0286458333332977
1.029947916666631
1.0312499999999643
1.0325520833332975
1.0338541666666308
1.035156249999964
1.0364583333332973
1.0377604166666305
1.0390624999999638
1.040364583333297
1.0416666666666303
1.0429687499999636
1.0442708333332968
1.04557291666663
1.0468749999999634
1.0481770833332966
1.0494791666666299
1.0507812499999631
1.0520833333332964
1.0533854166666297
1.054687499999963
1.0559895833332962
1.0572916666666294
1.0585937499999627
1.059895833333296
1.0611979166666292
1.0624999999999625
1.0638020833332957
1.065104166666629
1.0664062499999623
1.0677083333332955
1.0690104166666288
1.070312499999962
1.0716145833332953
1.0729166666666285
1.0742187499999618
1.075520833333295
1.0768229166666283
1.0781249999999616
1.0794270833332948
1.080729166666628
1.0820312499999614
1.0833333333332946
1.0846354166666279
1.0859374999999611
1.0872395833332944
1.0885416666666277
1.089843749999961
1.0911458333332942
1.0924479166666274
1.0937499999999607
1.095052083333294
1.0963541666666272
1.0976562499999605
1.0989583333332937
1.100260416666627
1.1015624999999603
1.1028645833332935
1.1041666666666268
1.10546874999996
1.1067708333332933
1.1080729166666266
1.1093749999999598
1.110677083333293
1.1119791666666263
1.1132812499999596
1.1145833333332928
1.115885416666626
1.1171874999999594
1.1184895833332926
1.1197916666666259
1.1210937499999591
1.1223958333332924
1.1236979166666257
1.124999999999959
1.1263020833332922
1.1276041666666254
1.1289062499999587
1.130208333333292
1.1315104166666252
1.1328124999999585
1.1341145833332917
1.135416666666625
1.1367187499999583
1.1380208333332915
1.1393229166666248
1.140624999999958
1.1419270833332913
1.1432291666666246
1.1445312499999578
1.145833333333291
1.1471354166666243
1.1484374999999576
1.1497395833332908
1.151041666666624
1.1523437499999574
1.1536458333332906
1.1549479166666239
1.1562499999999571
1.1575520833332904
1.1588541666666237
1.160156249999957
1.1614583333332902
1.1627604166666234
1.1640624999999567
1.16536458333329
1.1666666666666232
1.1679687499999565
1.1692708333332897
1.170572916666623
1.1718749999999563
1.1731770833332895
1.1744791666666228
1.175781249999956
1.1770833333332893
1.1783854166666226
1.1796874999999558
1.180989583333289
1.1822916666666223
1.1835937499999556
1.1848958333332889
1.186197916666622
1.1874999999999554
1.1888020833332886
1.1901041666666219
1.1914062499999551
1.1927083333332884
1.1940104166666217
1.195312499999955
1.1966145833332882
1.1979166666666214
1.1992187499999547
1.200520833333288
1.2018229166666212
1.2031249999999545
1.2044270833332877
1.205729166666621
1.2070312499999543
1.2083333333332875
1.2096354166666208
1.210937499999954
1.2122395833332873
1.2135416666666206
1.2148437499999538
1.216145833333287
1.2174479166666203
1.2187499999999536
1.2200520833332869
1.2213541666666201
1.2226562499999534
1.2239583333332866
1.22526041666662
1.2265624999999531
1.2278645833332864
1.2291666666666197
1.230468749999953
1.2317708333332862
1.2330729166666194
1.2343749999999527
1.235677083333286
1.2369791666666192
1.2382812499999525
1.2395833333332857
1.240885416666619
1.2421874999999523
1.2434895833332855
1.2447916666666188
1.246093749999952
1.2473958333332853
1.2486979166666186
1.2499999999999518
1.251302083333285
1.2526041666666183
1.2539062499999516
1.2552083333332849
1.2565104166666181
1.2578124999999514
1.2591145833332846
1.260416666666618
1.2617187499999512
1.2630208333332844
1.2643229166666177
1.265624999999951
1.2669270833332842
1.2682291666666174
1.2695312499999507
1.270833333333284
1.2721354166666172
1.2734374999999505
1.2747395833332837
1.276041666666617
1.2773437499999503
1.2786458333332835
1.2799479166666168
1.28124999999995
1.2825520833332833
1.2838541666666166
1.2851562499999498
1.286458333333283
1.2877604166666163
1.2890624999999496
1.2903645833332829
1.2916666666666161
1.2929687499999494
1.2942708333332826
1.295572916666616
1.2968749999999492
1.2981770833332824
1.2994791666666157
1.300781249999949
1.3020833333332822
1.3033854166666154
1.3046874999999487
1.305989583333282
1.3072916666666152
1.3085937499999485
1.3098958333332817
1.311197916666615
1.3124999999999483
1.3138020833332815
1.3151041666666148
1.316406249999948
1.3177083333332813
1.3190104166666146
1.3203124999999478
1.321614583333281
1.3229166666666143
1.3242187499999476
1.3255208333332809
1.3268229166666141
1.3281249999999474
1.3294270833332806
1.330729166666614
1.3320312499999472
1.3333333333332804
1.3346354166666137
1.335937499999947
1.3372395833332802
1.3385416666666134
1.3398437499999467
1.34114583333328
1.3424479166666132
1.3437499999999465
1.3450520833332797
1.346354166666613
1.3476562499999463
1.3489583333332795
1.3502604166666128
1.351562499999946
1.3528645833332793
1.3541666666666126
1.3554687499999458
1.356770833333279
1.3580729166666123
1.3593749999999456
1.3606770833332789
1.3619791666666121
1.3632812499999454
1.3645833333332786
1.365885416666612
1.3671874999999452
1.3684895833332784
1.3697916666666117
1.371093749999945
1.3723958333332782
1.3736979166666115
1.3749999999999447
1.376302083333278
1.3776041666666112
1.3789062499999445
1.3802083333332777
1.381510416666611
1.3828124999999443
1.3841145833332775
1.3854166666666108
1.386718749999944
1.3880208333332773
1.3893229166666106
1.3906249999999438
1.391927083333277
1.3932291666666103
1.3945312499999436
1.3958333333332769
1.3971354166666101
1.3984374999999434
1.3997395833332766
1.40104166666661
1.4023437499999432
1.4036458333332764
1.4049479166666097
1.406249999999943
1.4075520833332762
1.4088541666666095
1.4101562499999427
1.411458333333276
1.4127604166666092
1.4140624999999425
1.4153645833332757
1.416666666666609
1.4179687499999423
1.4192708333332755
1.4205729166666088
1.421874999999942
1.4231770833332753
1.4244791666666086
1.4257812499999418
1.427083333333275
1.4283854166666083
1.4296874999999416
1.4309895833332749
1.4322916666666081
1.4335937499999414
1.4348958333332746
1.436197916666608
1.4374999999999412
1.4388020833332744
1.4401041666666077
1.441406249999941
1.4427083333332742
1.4440104166666075
1.4453124999999407
1.446614583333274
1.4479166666666072
1.4492187499999405
1.4505208333332738
1.451822916666607
1.4531249999999403
1.4544270833332735
1.4557291666666068
1.45703124999994
1.4583333333332733
1.4596354166666066
1.4609374999999398
1.462239583333273
1.4635416666666063
1.4648437499999396
1.4661458333332729
1.4674479166666061
1.4687499999999394
1.4700520833332726
1.471354166666606
1.4726562499999392
1.4739583333332724
1.4752604166666057
1.476562499999939
1.4778645833332722
1.4791666666666055
1.4804687499999387
1.481770833333272
1.4830729166666052
1.4843749999999385
1.4856770833332718
1.486979166666605
1.4882812499999383
1.4895833333332715
1.4908854166666048
1.492187499999938
1.4934895833332713
1.4947916666666046
1.4960937499999378
1.497395833333271
1.4986979166666043
1.4999999999999376
1.5013020833332709
1.5026041666666041
1.5039062499999374
1.5052083333332706
1.506510416666604
1.5078124999999372
1.5091145833332704
1.5104166666666037
1.511718749999937
1.5130208333332702
1.5143229166666035
1.5156249999999367
1.51692708333327
1.5182291666666032
1.5195312499999365
1.5208333333332698
1.522135416666603
1.5234374999999363
1.5247395833332695
1.5260416666666028
1.527343749999936
1.5286458333332693
1.5299479166666026
1.5312499999999358
1.532552083333269
1.5338541666666023
1.5351562499999356
1.5364583333332689
1.5377604166666021
1.5390624999999354
1.5403645833332686
1.541666666666602
1.5429687499999352
1.5442708333332684
1.5455729166666017
1.546874999999935
1.5481770833332682
1.5494791666666015
1.5507812499999347
1.552083333333268
1.5533854166666012
1.5546874999999345
1.5559895833332678
1.557291666666601
1.5585937499999343
1.5598958333332675
1.5611979166666008
1.562499999999934
1.5638020833332673
1.5651041666666006
1.5664062499999338
1.567708333333267
1.5690104166666003
1.5703124999999336
1.5716145833332669
1.5729166666666001
1.5742187499999334
1.5755208333332666
1.5768229166666
1.5781249999999332
1.5794270833332664
1.5807291666665997
1.582031249999933
1.5833333333332662
1.5846354166665995
1.5859374999999327
1.587239583333266
1.5885416666665992
1.5898437499999325
1.5911458333332658
1.592447916666599
1.5937499999999323
1.5950520833332655
1.5963541666665988
1.597656249999932
1.5989583333332653
1.6002604166665986
1.6015624999999318
1.602864583333265
1.6041666666665984
1.6054687499999316
1.6067708333332649
1.6080729166665981
1.6093749999999314
1.6106770833332646
1.611979166666598
1.6132812499999312
1.6145833333332644
1.6158854166665977
1.617187499999931
1.6184895833332642
1.6197916666665975
1.6210937499999307
1.622395833333264
1.6236979166665972
1.6249999999999305
1.6263020833332638
1.627604166666597
1.6289062499999303
1.6302083333332635
1.6315104166665968
1.63281249999993
1.6341145833332633
1.6354166666665966
1.6367187499999298
1.638020833333263
1.6393229166665964
1.6406249999999296
1.6419270833332629
1.6432291666665961
1.6445312499999294
1.6458333333332626
1.647135416666596
1.6484374999999292
1.6497395833332624
1.6510416666665957
1.652343749999929
1.6536458333332622
1.6549479166665955
1.6562499999999287
1.657552083333262
1.6588541666665952
1.6601562499999285
1.6614583333332618
1.662760416666595
1.6640624999999283
1.6653645833332615
1.6666666666665948
1.667968749999928
1.6692708333332613
1.6705729166665946
1.6718749999999278
1.673177083333261
1.6744791666665944
1.6757812499999276
1.6770833333332609
1.6783854166665941
1.6796874999999274
1.6809895833332607
1.682291666666594
1.6835937499999272
1.6848958333332604
1.6861979166665937
1.687499999999927
1.6888020833332602
1.6901041666665935
1.6914062499999267
1.69270833333326
1.6940104166665932
1.6953124999999265
1.6966145833332598
1.697916666666593
1.6992187499999263
1.7005208333332595
1.7018229166665928
1.703124999999926
1.7044270833332593
1.7057291666665926
1.7070312499999258
1.708333333333259
1.7096354166665924
1.7109374999999256
1.7122395833332589
1.7135416666665921
1.7148437499999254
1.7161458333332587
1.717447916666592
1.7187499999999252
1.7200520833332584
1.7213541666665917
1.722656249999925
1.7239583333332582
1.7252604166665915
1.7265624999999247
1.727864583333258
1.7291666666665912
1.7304687499999245
1.7317708333332578
1.733072916666591
1.7343749999999243
1.7356770833332575
1.7369791666665908
1.738281249999924
1.7395833333332573
1.7408854166665906
1.7421874999999238
1.743489583333257
1.7447916666665904
1.7460937499999236
1.7473958333332569
1.7486979166665901
1.7499999999999234
1.7513020833332567
1.75260416666659
1.7539062499999232
1.7552083333332564
1.7565104166665897
1.757812499999923
1.7591145833332562
1.7604166666665895
1.7617187499999227
1.763020833333256
1.7643229166665892
1.7656249999999225
1.7669270833332558
1.768229166666589
1.7695312499999223
1.7708333333332555
1.7721354166665888
1.773437499999922
1.7747395833332553
1.7760416666665886
1.7773437499999218
1.778645833333255
1.7799479166665884
1.7812499999999216
1.7825520833332549
1.7838541666665881
1.7851562499999214
1.7864583333332547
1.787760416666588
1.7890624999999212
1.7903645833332544
1.7916666666665877
1.792968749999921
1.7942708333332542
1.7955729166665875
1.7968749999999207
1.798177083333254
1.7994791666665872
1.8007812499999205
1.8020833333332538
1.803385416666587
1.8046874999999203
1.8059895833332535
1.8072916666665868
1.80859374999992
1.8098958333332533
1.8111979166665866
1.8124999999999198
1.813802083333253
1.8151041666665864
1.8164062499999196
1.8177083333332529
1.8190104166665861
1.8203124999999194
1.8216145833332527
1.822916666666586
1.8242187499999192
1.8255208333332524
1.8268229166665857
1.828124999999919
1.8294270833332522
1.8307291666665855
1.8320312499999187
1.833333333333252
1.8346354166665853
1.8359374999999185
1.8372395833332518
1.838541666666585
1.8398437499999183
1.8411458333332515
1.8424479166665848
1.843749999999918
1.8450520833332513
1.8463541666665846
1.8476562499999178
1.848958333333251
1.8502604166665844
1.8515624999999176
1.8528645833332509
1.8541666666665841
1.8554687499999174
1.8567708333332507
1.858072916666584
1.8593749999999172
1.8606770833332504
1.8619791666665837
1.863281249999917
1.8645833333332502
1.8658854166665835
1.8671874999999167
1.86848958333325
1.8697916666665833
1.8710937499999165
1.8723958333332498
1.873697916666583
1.8749999999999163
1.8763020833332495
1.8776041666665828
1.878906249999916
1.8802083333332493
1.8815104166665826
1.8828124999999158
1.884114583333249
1.8854166666665824
1.8867187499999156
1.8880208333332489
1.8893229166665821
1.8906249999999154
1.8919270833332487
1.893229166666582
1.8945312499999152
1.8958333333332484
1.8971354166665817
1.898437499999915
1.8997395833332482
1.9010416666665815
1.9023437499999147
1.903645833333248
1.9049479166665813
1.9062499999999145
1.9075520833332478
1.908854166666581
1.9101562499999143
1.9114583333332476
1.9127604166665808
1.914062499999914
1.9153645833332473
1.9166666666665806
1.9179687499999138
1.919270833333247
1.9205729166665804
1.9218749999999136
1.9231770833332469
1.9244791666665801
1.9257812499999134
1.9270833333332467
1.92838541666658
1.9296874999999132
1.9309895833332464
1.9322916666665797
1.933593749999913
1.9348958333332462
1.9361979166665795
1.9374999999999127
1.938802083333246
1.9401041666665793
1.9414062499999125
1.9427083333332458
1.944010416666579
1.9453124999999123
1.9466145833332456
1.9479166666665788
1.949218749999912
1.9505208333332453
1.9518229166665786
1.9531249999999118
1.954427083333245
1.9557291666665784
1.9570312499999116
1.9583333333332449
1.9596354166665781
1.9609374999999114
1.9622395833332447
1.963541666666578
1.9648437499999112
1.9661458333332444
1.9674479166665777
1.968749999999911
1.9700520833332442
1.9713541666665775
1.9726562499999107
1.973958333333244
1.9752604166665773
1.9765624999999105
1.9778645833332438
1.979166666666577
1.9804687499999103
1.9817708333332436
1.9830729166665768
1.98437499999991
1.9856770833332433
1.9869791666665766
1.9882812499999098
1.989583333333243
1.9908854166665764
1.9921874999999096
1.9934895833332429
1.9947916666665761
1.9960937499999094
1.9973958333332427
1.998697916666576
1.9999999999999092
