7.541413679990862e-7
0.0024076248274874086
0.009607361002213334
0.021529836731455827
0.03806023213381401
0.0590393597049339
0.08426518306779908
0.11349476021694423
0.14644659413301772
0.18280334055263886
0.222214864212245
0.2643016105823723
0.3086582612899613
0.35485763753886135
0.4024548140812139
0.45099140408755367
0.49999997366337073
0.5490085434928196
0.5975451342576392
0.6451423120559633
0.6913416900463296
0.7356983429635412
0.7777850919921939
0.8171966187321846
0.8535533686364736
0.886505206328863
0.9157347875990669
0.9409606156009399
0.9619397518209831
0.978470155709035
0.9903926304392158
0.9975923560623865
0.9999999952850254
0.997592361225269
0.9903926407152596
0.9784701709992754
0.9619397719781669
0.9409606404309427
0.9157348168627624
0.8865052397444251
0.8535534058820932
0.8171966594491652
0.7777851357884092
0.7356983894172091
0.6913417387100756
0.6451423624611305
0.597545185918797
0.5490085959124441
0.5000000263366299
0.45099145650718037
0.402454865742361
0.35485768794403744
0.30865830995367094
0.26430165703645875
0.2222149080078063
0.182803381267816
0.14644663136352656
0.1134947936711376
0.08426521240093321
0.0590393843990603
0.038060248179017216
0.021529844290965085
0.009607369560784089
0.002407643937613378
4.714974525231098e-9
0.0024076387747309844
0.009607359284740673
0.021529829000724653
0.038060228021833065
0.05903935956905714
0.08426518313723756
0.11349476025557467
0.14644659411790675
0.18280334055083486
0.2222148642115905
0.26430161058279045
0.3086582612899239
0.35485763753886984
0.40245481408120204
0.4509914040875559
0.4999999736633695
0.5490085434928198
0.5975451342576389
0.6451423120559623
0.6913416900463286
0.7356983429635408
0.7777850919921936
0.817196618732184
0.8535533686364732
0.8865052063288625
0.9157347875990665
0.9409606156009396
0.9619397518209828
0.9784701557090347
0.9903926304392158
0.9975923560623865
0.9999999952850251
0.9975923612252691
0.9903926407152596
0.9784701709992758
0.9619397719781669
0.9409606404309432
0.9157348168627627
0.8865052397444254
0.853553405882093
0.8171966594491658
0.7777851357884097
0.7356983894172098
0.6913417387100761
0.6451423624611305
0.5975451859187981
0.5490085959124447
0.5000000263366308
0.4509914565071807
0.40245486574236145
0.35485768794403794
0.3086583099536719
0.2643016570364594
0.22221490800780658
0.18280338126781637
0.14644663136352692
0.11349479367113781
0.08426521240093351
0.059039384399060583
0.03806024817901735
0.02152984429096524
0.009607369560784167
0.002407643937613422
4.714974516835437e-9
0.0024076387747309436
0.009607359284740586
0.021529829000724476
0.038060228021832794
0.05903935956905692
0.08426518313723724
0.11349476025557435
0.14644659411790642
0.18280334055083444
0.2222148642115901
0.2643016105827899
0.3086582612899235
0.35485763753886923
0.4024548140812018
0.4509914040875551
0.49999997366336896
0.5490085434928191
0.5975451342576381
0.6451423120559618
0.6913416900463281
0.7356983429635403
0.7777850919921934
0.8171966187321836
0.8535533686364728
0.8865052063288621
0.9157347875990663
0.9409606156009396
0.9619397518209828
0.9784701557090347
0.9903926304392155
0.9975923560623863
0.9999999952850251
0.997592361225269
0.9903926407152596
0.9784701709992758
0.9619397719781672
0.9409606404309434
0.915734816862763
0.8865052397444262
0.8535534058820936
0.817196659449166
0.7777851357884102
0.7356983894172103
0.6913417387100766
0.645142362461131
0.5975451859187987
0.5490085959124449
0.5000000263366315
0.45099145650718153
0.4024548657423619
0.3548576879440386
0.3086583099536722
0.26430165703645997
0.22221490800780697
0.1828033812678167
0.14644663136352726
0.11349479367113802
0.08426521240093374
0.059039384399060854
0.038060248179017576
0.021529844290965435
0.009607369560784302
0.002407643937613483
4.714974511497123e-9
0.002407638774730881
0.0096073592847405
0.021529829000724397
0.038060228021832565
0.059039359569056656
0.08426518313723692
0.11349476025557416
0.14644659411790614
0.18280334055083422
0.22221486421158973
0.2643016105827892
0.30865826128992274
0.35485763753886856
0.4024548140812011
0.45099140408755456
0.49999997366336846
0.5490085434928186
0.5975451342576372
0.6451423120559614
0.6913416900463277
0.7356983429635396
0.7777850919921927
0.8171966187321832
0.8535533686364721
0.8865052063288619
0.9157347875990659
0.9409606156009389
0.9619397518209823
0.9784701557090345
0.9903926304392155
0.9975923560623863
0.9999999952850251
0.9975923612252691
0.99039264071526
0.978470170999276
0.9619397719781676
0.9409606404309436
0.9157348168627634
0.8865052397444265
0.8535534058820939
0.8171966594491661
0.7777851357884107
0.7356983894172112
0.6913417387100772
0.6451423624611317
0.5975451859187988
0.5490085959124456
0.5000000263366324
0.4509914565071806
0.4024548657423647
0.35485768794403155
0.3086583099536973
0.2643016570364068
0.22221490800797725
0.18280338126702997
0.14644663136549446
0.11349479366897158
0.08426521242665476
0.05903938432862079
0.0380602482521689
0.02152984418079696
0.009607374691414455
0.0024076488461177627
2.3635246867190067e-8
