-7.541106144542534e-10
3.7648876875860574e-5
0.00015059044123324195
0.0003388075202472188
0.0006022717071204614
0.0009409433617055337
0.0013547714720335113
0.001843693720358753
0.0024076364758052
0.0030465148109853502
0.0037602325130724995
0.004548682098837313
0.005411744830662421
0.006349290734478391
0.007361178619319344
0.00844725609859227
0.00960735961302366
0.010841314455291677
0.012148934796335309
0.013530023713341525
0.014984373219399364
0.01651176429482272
0.0181119669201336
0.019784740110702904
0.021529831953041163
0.023346979642735403
0.02523590952402799
0.02719633713102661
0.029227967230545018
0.03133049386656262
0.033503600406302014
0.035746959587911374
0.03806023356975036
0.04044307398126559
0.04289512197545582
0.04541600828291293
0.048005353267431154
0.05066276698318028
0.05338784923342957
0.056180189630815974
0.059039367659145976
0.06196495273672592
0.06495650428120425
0.06801357177592236
0.07113569483775979
0.07432240328646775
0.07757321721547579
0.08088764706416302
0.08426519369158587
0.08770534845164615
0.09120759326969083
0.0947714007205323
0.09839623410787743
0.10208154754515085
0.10582678603770555
0.10963138556639933
0.11349477317253823
0.11741636704416002
0.12139557660365108
0.12543180259668907
0.12952443718248605
0.1336728640253278
0.13787645838738946
0.1421345872228229
0.14644660927308875
0.15081187516352615
0.1552297275011484
0.1596995009736446
0.16422052244957167
0.16879211107972253
0.17341357839966662
0.17808422843342483
0.1828033577982819
0.187570255810713
0.19238420459341232
0.1972444791834005
0.20215034764120077
0.2071010711610691
0.21209590418225377
0.21713409450127494
0.22221488338520073
0.22733750568591465
0.2325011899553407
0.2377051585616225
0.24294862780622778
0.24823080804197614
0.2535509037919542
0.2589081138693098
0.26430163149791075
0.2697306444338415
0.275194335087724
0.28069188064784095
0.28622245320405415
0.2917852198724793
0.2973793429209177
0.30300397989501443
0.3086582837451307
0.31434140295390556
0.32005248166448863
0.32579065980943445
0.3315550732402205
0.33734485385738755
0.34315912974127083
0.34899702528330934
0.35485766131790686
0.3607401552548353
0.36664362121214433
0.37256717014957474
0.3785099100024471
0.3844709458159963
0.3904493798801565
0.39644431186474804
0.40245483895506556
0.4084800559878366
0.4145190555875389
0.4205709283030464
0.42663476274458867
0.4327096457210023
0.43879466237725706
0.444888896332228
0.4509914298166952
0.4571013438115648
0.463217718186263
0.46933963183730676
0.4754661628270178
0.48159638852236425
0.4877293857339054
0.49386423085482123
0.5000000000000002
0.5061357691451791
0.5122706142660945
0.5184036114776359
0.5245338371729824
0.5306603681626931
0.5367822818137375
0.5428986561884355
0.5490085701833046
0.5551111036677726
0.5612053376227435
0.5672903542789975
0.5733652372554114
0.5794290716969542
0.5854809444124613
0.5915199440121636
0.5975451610449344
0.6035556881352522
0.6095506201198434
0.6155290541840036
0.6214900899975532
0.6274328298504254
0.6333563787878563
0.6392598447451647
0.6451423386820933
0.6510029747166912
0.6568408702587297
0.6626551461426125
0.6684449267597797
0.674209340190566
0.6799475183355114
0.6856585970460949
0.6913417162548696
0.6969960201049854
0.7026206570790823
0.7082147801275213
0.7137775467959458
0.7193081193521591
0.7248056649122764
0.7302693555661588
0.7356983685020894
0.7410918861306909
0.7464490962080461
0.7517691919580239
0.7570513721937724
0.7622948414383779
0.7674988100446594
0.7726624943140857
0.7777851166147998
0.7828659054987259
0.7879040958177459
0.792898928838931
0.7978496523587992
0.8027555208165994
0.8076157954065879
0.8124297441892867
0.8171966422017181
0.8219157715665755
0.8265864216003337
0.8312078889202774
0.8357794775504285
0.8403004990263555
0.8447702724988514
0.8491881248364741
0.8535533907269118
0.8578654127771771
0.8621235416126107
0.8663271359746723
0.8704755628175139
0.874568197403311
0.8786044233963491
0.8825836329558401
0.8865052268274621
0.8903686144336008
0.8941732139622944
0.8979184524548494
0.9016037658921229
0.9052285992794677
0.9087924067303089
0.9122946515483541
0.9157348063084144
0.919112352935837
0.9224267827845247
0.9256775967135323
0.9288643051622403
0.9319864282240776
0.9350434957187957
0.9380350472632741
0.940960632340854
0.9438198103691842
0.9466121507665708
0.9493372330168194
0.9519946467325688
0.9545839917170871
0.9571048780245442
0.9595569260187344
0.9619397664302498
0.9642530404120883
0.9664963995936985
0.9686695061334373
0.9707720327694553
0.9728036628689735
0.9747640904759719
0.9766530203572642
0.9784701680469589
0.980215259889297
0.9818880330798662
0.9834882357051773
0.9850156267806006
0.9864699762866586
0.9878510652036648
0.9891586855447085
0.9903926403869764
0.9915527439014078
0.9926388213806805
0.9936507092655217
0.9945882551693376
0.995451317901163
0.996239767486926
0.9969534851890193
0.997592363524181
0.9981563062796845
0.9986452285278256
0.9990590566387115
0.9993977282913509
0.9996611924830393
0.9998494095370377
0.9999623511085505
1.0000000001889924
0.9999623511085505
0.9998494095370377
0.9996611924830393
0.9993977282913512
0.9990590566387113
0.9986452285278254
0.9981563062796847
0.9975923635241806
0.9969534851890193
0.996239767486926
0.995451317901163
0.9945882551693378
0.9936507092655216
0.9926388213806806
0.9915527439014077
0.9903926403869763
0.9891586855447085
0.9878510652036648
0.9864699762866582
0.9850156267806008
0.9834882357051774
0.9818880330798659
0.9802152598892974
0.9784701680469589
0.9766530203572644
0.9747640904759721
0.9728036628689735
0.9707720327694548
0.9686695061334375
0.9664963995936982
0.9642530404120886
0.9619397664302494
0.9595569260187343
0.9571048780245441
0.954583991717087
0.9519946467325688
0.9493372330168197
0.9466121507665703
0.9438198103691842
0.9409606323408541
0.9380350472632738
0.9350434957187961
0.9319864282240776
0.9288643051622405
0.9256775967135323
0.9224267827845243
0.9191123529358373
0.9157348063084141
0.9122946515483539
0.9087924067303088
0.9052285992794674
0.9016037658921228
0.897918452454849
0.8941732139622947
0.8903686144336008
0.8865052268274617
0.8825836329558402
0.8786044233963487
0.8745681974033112
0.8704755628175137
0.8663271359746724
0.8621235416126107
0.8578654127771773
0.8535533907269114
0.8491881248364741
0.8447702724988512
0.8403004990263551
0.8357794775504285
0.8312078889202774
0.8265864216003331
0.8219157715665754
0.8171966422017181
0.8124297441892869
0.8076157954065879
0.8027555208165992
0.7978496523587993
0.7928989288389308
0.7879040958177463
0.7828659054987253
0.7777851166147997
0.7726624943140856
0.7674988100446594
0.7622948414383778
0.7570513721937723
0.7517691919580236
0.7464490962080453
0.7410918861306902
0.735698368502089
0.7302693555661587
0.7248056649122763
0.719308119352159
0.7137775467959463
0.708214780127521
0.7026206570790824
0.6969960201049857
0.6913417162548695
0.6856585970460947
0.6799475183355113
0.674209340190566
0.6684449267597798
0.6626551461426121
0.6568408702587288
0.651002974716691
0.645142338682093
0.6392598447451643
0.6333563787878558
0.6274328298504253
0.6214900899975527
0.615529054184004
0.6095506201198434
0.6035556881352518
0.5975451610449344
0.5915199440121637
0.5854809444124615
0.5794290716969539
0.5733652372554116
0.567290354278998
0.5612053376227425
0.5551111036677724
0.5490085701833043
0.5428986561884349
0.5367822818137369
0.5306603681626935
0.5245338371729823
0.5184036114776358
0.5122706142660943
0.5061357691451793
0.5
0.49386423085482073
0.4877293857339058
0.4815963885223642
0.47546616282701765
0.4693396318373065
0.4632177181862634
0.45710134381156486
0.4509914298166953
0.44488889633222706
0.43879466237725717
0.4327096457210016
0.42663476274458806
0.42057092830304627
0.4145190555875389
0.40848005598783643
0.4024548389550653
0.39644431186474827
0.39044937988015666
0.38447094581599617
0.3785099100024467
0.3725671701495752
0.3666436212121439
0.36074015525483516
0.35485766131790725
0.34899702528330884
0.3431591297412706
0.3373448538573869
0.33155507324022043
0.3257906598094342
0.32005248166448846
0.31434140295390495
0.30865828374513077
0.3030039798950145
0.2973793429209172
0.29178521987247935
0.2862224532040542
0.280691880647841
0.2751943350877234
0.26973064443384176
0.26430163149791075
0.25890811386930973
0.253550903791954
0.24823080804197603
0.24294862780622745
0.23770515856162186
0.23250118995534066
0.2273375056859144
0.2222148833852004
0.2171340945012743
0.21209590418225407
0.20710107116106924
0.20215034764120074
0.19724447918340024
0.1923842045934122
0.18757025581071296
0.1828033577982816
0.17808422843342506
0.1734135783996668
0.1687921110797226
0.16422052244957105
0.15969950097364496
0.1552297275011484
0.1508118751635258
0.14644660927308834
0.14213458722282288
0.13787645838738924
0.13367286402532738
0.12952443718248635
0.125431802596689
0.12139557660365095
0.11741636704415967
0.11349477317253842
0.1096313855663993
0.10582678603770546
0.10208154754515106
0.09839623410787723
0.09477140072053228
0.09120759326969058
0.08770534845164617
0.08426519369158578
0.08088764706416271
0.07757321721547548
0.07432240328646776
0.07113569483775971
0.06801357177592236
0.06495650428120446
0.06196495273672592
0.05903936765914595
0.056180189630815634
0.053387849233429666
0.050662766983180334
0.0480053532674312
0.045416008282912874
0.042895121975455974
0.040443073981265426
0.03806023356975031
0.03574695958791157
0.033503600406301834
0.03133049386656247
0.029227967230544792
0.027196337131026694
0.025235909524027947
0.02334697964273542
0.021529831953040948
0.01978474011070297
0.018111966920133643
0.016511764294822616
0.014984373219399409
0.013530023713341563
0.01214893479633535
0.0108413144552915
0.009607359613023732
0.008447256098592216
0.007361178619319303
0.0063492907344782305
0.0054117448306625635
0.0045486820988368225
0.003760232513073803
0.0030465148109810204
0.0024076364758190937
0.0018436937203153941
0.001354771472174453
0.0009409433612885601
0.0006022717086489369
0.0003388075169608157
0.0001505904629623093
3.764889144946151e-5
-1.8899250400504284e-10
3.7648891449461574e-5
0.00015059046296230896
0.0003388075169608165
0.0006022717086489476
0.0009409433612885752
0.0013547714721744676
0.0018436937203153904
0.0024076364758190906
0.0030465148109810204
0.0037602325130738135
0.004548682098836833
0.005411744830662586
0.006349290734478243
0.007361178619319304
0.008447256098592273
0.009607359613023734
0.010841314455291545
0.012148934796335387
0.01353002371334154
0.014984373219399391
0.016511764294822647
0.018111966920133622
0.019784740110703032
0.02152983195304104
0.023346979642735403
0.025235909524027954
0.027196337131026732
0.029227967230544792
0.03133049386656255
0.03350360040630191
0.03574695958791163
0.03806023356975042
0.04044307398126546
0.04289512197545591
0.04541600828291287
0.04800535326743122
0.050662766983180334
0.05338784923342976
0.056180189630815745
0.059039367659146094
0.061964952736726045
0.0649565042812044
0.06801357177592232
0.07113569483775968
0.07432240328646779
0.07757321721547547
0.08088764706416285
0.08426519369158592
0.08770534845164613
0.0912075932696908
0.09477140072053233
0.09839623410787732
0.10208154754515116
0.10582678603770543
0.10963138556639923
0.11349477317253852
0.11741636704415968
0.12139557660365106
0.12543180259668915
0.12952443718248624
0.1336728640253274
0.1378764583873895
0.14213458722282282
0.14644660927308845
0.1508118751635258
0.1552297275011485
0.1596995009736451
0.16422052244957114
0.1687921110797227
0.17341357839966676
0.178084228433425
0.18280335779828183
0.18757025581071307
0.1923842045934122
0.19724447918340027
0.20215034764120074
0.20710107116106918
0.212095904182254
0.21713409450127424
0.2222148833852005
0.22733750568591443
0.23250118995534091
0.23770515856162203
0.24294862780622759
0.24823080804197623
0.253550903791954
0.25890811386930956
0.2643016314979108
0.2697306444338416
0.2751943350877235
0.2806918806478411
0.2862224532040542
0.2917852198724795
0.29737934292091733
0.30300397989501454
0.3086582837451309
0.31434140295390517
0.32005248166448846
0.3257906598094343
0.3315550732402205
0.3373448538573872
0.34315912974127083
0.34899702528330884
0.35485766131790736
0.36074015525483516
0.36664362121214406
0.3725671701495752
0.3785099100024466
0.38447094581599617
0.3904493798801565
0.3964443118647483
0.40245483895506523
0.4084800559878364
0.4145190555875388
0.42057092830304654
0.4266347627445879
0.4327096457210022
0.4387946623772572
0.44488889633222733
0.4509914298166953
0.45710134381156503
0.46321771818626334
0.4693396318373065
0.47546616282701765
0.48159638852236397
0.48772938573390595
0.49386423085482056
0.5
0.5061357691451792
0.5122706142660943
0.5184036114776358
0.5245338371729824
0.5306603681626934
0.5367822818137369
0.5428986561884352
0.5490085701833044
0.5551111036677728
0.5612053376227425
0.567290354278998
0.5733652372554119
0.5794290716969539
0.5854809444124612
0.5915199440121635
0.597545161044935
0.6035556881352518
0.6095506201198435
0.6155290541840036
0.6214900899975534
0.6274328298504248
0.6333563787878559
0.6392598447451647
0.6451423386820928
0.651002974716691
0.6568408702587292
0.6626551461426128
0.6684449267597795
0.674209340190566
0.6799475183355114
0.6856585970460949
0.6913417162548692
0.6969960201049855
0.7026206570790825
0.7082147801275207
0.7137775467959458
0.7193081193521587
0.7248056649122767
0.7302693555661585
0.7356983685020894
0.7410918861306904
0.7464490962080462
0.7517691919580236
0.7570513721937723
0.7622948414383779
0.7674988100446593
0.7726624943140858
0.7777851166147997
0.7828659054987258
0.7879040958177459
0.7928989288389312
0.7978496523587992
0.8027555208166001
0.8076157954065876
0.8124297441892869
0.8171966422017184
0.8219157715665752
0.8265864216003332
0.8312078889202775
0.8357794775504288
0.8403004990263552
0.8447702724988516
0.8491881248364741
0.8535533907269116
0.8578654127771771
0.8621235416126108
0.8663271359746726
0.8704755628175139
0.8745681974033108
0.878604423396349
0.8825836329558404
0.8865052268274616
0.8903686144336008
0.8941732139622947
0.8979184524548494
0.9016037658921223
0.9052285992794677
0.9087924067303093
0.9122946515483539
0.9157348063084142
0.9191123529358373
0.9224267827845244
0.9256775967135326
0.9288643051622402
0.9319864282240778
0.9350434957187957
0.9380350472632738
0.9409606323408538
0.9438198103691842
0.9466121507665706
0.9493372330168197
0.951994646732569
0.9545839917170871
0.9571048780245441
0.9595569260187343
0.9619397664302495
0.9642530404120881
0.9664963995936982
0.9686695061334373
0.9707720327694552
0.9728036628689732
0.9747640904759719
0.9766530203572645
0.9784701680469589
0.980215259889297
0.9818880330798664
0.9834882357051773
0.9850156267806008
0.9864699762866581
0.987851065203665
0.9891586855447082
0.9903926403869764
0.9915527439014078
0.9926388213806805
0.9936507092655217
0.9945882551693376
0.995451317901163
0.996239767486926
0.9969534851890193
0.997592363524181
0.9981563062796845
0.9986452285278256
0.9990590566387115
0.9993977282913509
0.9996611924830393
0.9998494095370377
0.9999623511085505
1.0000000001889924
0.9999623511085505
0.9998494095370377
0.9996611924830393
0.9993977282913512
0.9990590566387113
0.9986452285278258
0.9981563062796845
0.9975923635241807
0.9969534851890192
0.996239767486926
0.9954513179011629
0.9945882551693374
0.9936507092655217
0.9926388213806806
0.9915527439014077
0.9903926403869763
0.9891586855447085
0.9878510652036648
0.9864699762866582
0.9850156267806005
0.9834882357051774
0.9818880330798663
0.980215259889297
0.9784701680469589
0.9766530203572644
0.9747640904759719
0.9728036628689735
0.9707720327694552
0.9686695061334372
0.9664963995936979
0.9642530404120886
0.9619397664302497
0.9595569260187343
0.9571048780245442
0.9545839917170873
0.9519946467325688
0.9493372330168198
0.9466121507665699
0.9438198103691846
0.9409606323408541
0.9380350472632738
0.9350434957187956
0.931986428224078
0.9288643051622402
0.9256775967135323
0.9224267827845245
0.919112352935837
0.9157348063084141
0.9122946515483539
0.9087924067303093
0.9052285992794675
0.9016037658921225
0.8979184524548489
0.894173213962295
0.8903686144336006
0.8865052268274616
0.8825836329558404
0.8786044233963489
0.874568197403311
0.8704755628175137
0.8663271359746724
0.8621235416126108
0.857865412777177
0.8535533907269115
0.8491881248364741
0.8447702724988514
0.8403004990263552
0.8357794775504286
0.8312078889202776
0.8265864216003331
0.8219157715665752
0.8171966422017181
0.8124297441892872
0.8076157954065875
0.8027555208166001
0.7978496523587993
0.792898928838931
0.7879040958177457
0.7828659054987258
0.7777851166147997
0.7726624943140854
0.767498810044659
0.7622948414383779
0.7570513721937724
0.7517691919580238
0.7464490962080461
0.7410918861306904
0.7356983685020897
0.7302693555661585
0.7248056649122765
0.719308119352159
0.7137775467959458
0.7082147801275206
0.7026206570790823
0.6969960201049855
0.6913417162548693
0.6856585970460948
0.6799475183355117
0.6742093401905658
0.6684449267597797
0.6626551461426128
0.6568408702587293
0.6510029747166908
0.6451423386820928
0.639259844745165
0.6333563787878558
0.627432829850425
0.6214900899975532
0.615529054184004
0.6095506201198434
0.6035556881352517
0.5975451610449346
0.5915199440121637
0.5854809444124612
0.5794290716969538
0.573365237255412
0.5672903542789978
0.5612053376227429
0.5551111036677726
0.549008570183305
0.5428986561884348
0.5367822818137369
0.5306603681626935
0.5245338371729824
0.5184036114776357
0.5122706142660941
0.5061357691451793
0.49999999999999983
0.49386423085482073
0.4877293857339058
0.48159638852236425
0.4754661628270176
0.4693396318373065
0.4632177181862632
0.4571013438115649
0.45099142981669504
0.44488889633222733
0.43879466237725717
0.4327096457210021
0.4266347627445881
0.4205709283030463
0.4145190555875387
0.40848005598783627
0.4024548389550653
0.39644431186474827
0.3904493798801565
0.38447094581599617
0.37850991000244655
0.372567170149575
0.3666436212121441
0.3607401552548353
0.35485766131790714
0.3489970252833091
0.3431591297412706
0.3373448538573873
0.33155507324022043
0.3257906598094341
0.32005248166448835
0.31434140295390506
0.3086582837451308
0.3030039798950144
0.29737934292091744
0.29178521987247924
0.2862224532040543
0.2806918806478409
0.2751943350877237
0.2697306444338417
0.26430163149791064
0.2589081138693094
0.25355090379195394
0.2482308080419762
0.24294862780622756
0.23770515856162205
0.2325011899553408
0.22733750568591443
0.22221488338520026
0.21713409450127436
0.2120959041822539
0.20710107116106918
0.20215034764120063
0.19724447918340024
0.19238420459341246
0.18757025581071304
0.18280335779828166
0.17808422843342486
0.17341357839966684
0.16879211107972253
0.1642205224495712
0.15969950097364496
0.15522972750114855
0.1508118751635257
0.1464466092730884
0.1421345872228229
0.13787645838738924
0.1336728640253274
0.1295244371824862
0.12543180259668918
0.12139557660365094
0.11741636704415964
0.11349477317253835
0.1096313855663993
0.10582678603770529
0.10208154754515102
0.09839623410787737
0.09477140072053225
0.09120759326969075
0.08770534845164617
0.0842651936915858
0.08088764706416281
0.07757321721547546
0.07432240328646768
0.07113569483775968
0.06801357177592222
0.06495650428120438
0.06196495273672598
0.05903936765914597
0.0561801896308158
0.053387849233429645
0.05066276698318034
0.04800535326743114
0.04541600828291287
0.042895121975455884
0.04044307398126549
0.03806023356975031
0.03574695958791152
0.03350360040630191
0.03133049386656249
0.029227967230544834
0.02719633713102663
0.025235909524027954
0.02334697964273539
0.021529831953041013
0.01978474011070292
0.01811196692013361
0.01651176429482264
0.014984373219399369
0.013530023713341569
0.012148934796335343
0.010841314455291535
0.00960735961302371
0.00844725609859227
0.007361178619319289
0.006349290734478243
0.0054117448306625696
0.004548682098836818
0.0037602325130738096
0.0030465148109810125
0.002407636475819105
0.0018436937203153798
0.0013547714721744723
0.0009409433612885563
0.0006022717086489506
0.00033880751696081096
0.00015059046296230814
3.764889144945758e-5
-1.8899250275510107e-10
3.764889144945755e-5
0.0001505904629623082
0.0003388075169608109
0.0006022717086489509
0.000940943361288556
0.0013547714721744723
0.001843693720315379
0.002407636475819106
0.003046514810981013
0.0037602325130738096
0.004548682098836818
0.005411744830662567
0.006349290734478241
0.007361178619319292
0.008447256098592265
0.009607359613023711
0.010841314455291533
0.01214893479633534
0.013530023713341572
0.014984373219399369
0.016511764294822644
0.018111966920133615
0.019784740110702918
0.02152983195304102
0.023346979642735386
0.025235909524027957
0.027196337131026642
0.029227967230544837
0.03133049386656249
0.03350360040630191
0.035746959587911506
0.0380602335697503
0.04044307398126551
0.042895121975455884
0.045416008282912874
0.048005353267431126
0.05066276698318034
0.05338784923342964
0.0561801896308158
0.059039367659145976
0.06196495273672599
0.06495650428120438
0.06801357177592222
0.07113569483775968
0.07432240328646766
0.07757321721547544
0.08088764706416281
0.08426519369158582
0.08770534845164617
0.09120759326969077
0.09477140072053224
0.09839623410787736
0.10208154754515103
0.10582678603770529
0.10963138556639926
0.11349477317253835
0.11741636704415961
0.12139557660365091
0.12543180259668918
0.1295244371824862
0.1336728640253274
0.1378764583873893
0.14213458722282296
0.1464466092730884
0.15081187516352568
0.15522972750114852
0.159699500973645
0.16422052244957117
0.16879211107972245
0.1734135783996668
0.17808422843342497
0.1828033577982817
0.187570255810713
0.19238420459341243
0.19724447918340024
0.20215034764120063
0.20710107116106924
0.2120959041822539
0.21713409450127436
0.22221488338520026
0.22733750568591446
0.23250118995534078
0.237705158561622
0.24294862780622753
0.2482308080419762
0.25355090379195394
0.25890811386930934
0.26430163149791075
0.26973064443384154
0.2751943350877236
0.2806918806478409
0.2862224532040542
0.29178521987247935
0.29737934292091744
0.3030039798950143
0.3086582837451308
0.3143414029539049
0.32005248166448846
0.3257906598094341
0.3315550732402204
0.33734485385738733
0.34315912974127066
0.348997025283309
0.35485766131790725
0.3607401552548352
0.3666436212121441
0.37256717014957497
0.37850991000244655
0.38447094581599617
0.3904493798801564
0.3964443118647483
0.40245483895506523
0.4084800559878364
0.4145190555875387
0.42057092830304627
0.4266347627445881
0.4327096457210022
0.43879466237725717
0.4448888963322272
0.4509914298166951
0.45710134381156503
0.46321771818626317
0.4693396318373064
0.4754661628270174
0.4815963885223642
0.4877293857339059
0.4938642308548208
0.49999999999999983
0.5061357691451791
0.5122706142660942
0.5184036114776356
0.5245338371729824
0.5306603681626935
0.5367822818137368
0.5428986561884348
0.5490085701833046
0.5551111036677728
0.5612053376227427
0.5672903542789978
0.573365237255412
0.5794290716969536
0.5854809444124611
0.5915199440121637
0.5975451610449346
0.6035556881352517
0.6095506201198434
0.6155290541840039
0.6214900899975534
0.6274328298504248
0.6333563787878559
0.6392598447451647
0.6451423386820926
0.6510029747166908
0.6568408702587295
0.6626551461426126
0.6684449267597798
0.6742093401905658
0.6799475183355114
0.6856585970460949
0.6913417162548693
0.6969960201049855
0.7026206570790825
0.7082147801275206
0.7137775467959458
0.7193081193521589
0.7248056649122765
0.7302693555661584
0.7356983685020893
0.7410918861306907
0.7464490962080461
0.7517691919580236
0.7570513721937724
0.762294841438378
0.767498810044659
0.7726624943140856
0.7777851166147997
0.7828659054987258
0.7879040958177461
0.7928989288389308
0.7978496523587993
0.8027555208166001
0.8076157954065876
0.8124297441892869
0.8171966422017183
0.8219157715665752
0.8265864216003331
0.8312078889202775
0.8357794775504288
0.8403004990263552
0.8447702724988516
0.849188124836474
0.8535533907269115
0.8578654127771769
0.8621235416126107
0.8663271359746726
0.8704755628175136
0.8745681974033108
0.878604423396349
0.8825836329558404
0.8865052268274616
0.8903686144336004
0.8941732139622947
0.8979184524548487
0.9016037658921225
0.9052285992794677
0.9087924067303093
0.9122946515483539
0.9157348063084143
0.9191123529358372
0.9224267827845244
0.9256775967135326
0.9288643051622401
0.9319864282240778
0.9350434957187957
0.9380350472632738
0.9409606323408538
0.9438198103691842
0.9466121507665702
0.9493372330168195
0.9519946467325688
0.9545839917170873
0.9571048780245441
0.9595569260187343
0.9619397664302495
0.9642530404120885
0.9664963995936982
0.9686695061334373
0.9707720327694552
0.9728036628689732
0.9747640904759719
0.9766530203572642
0.9784701680469589
0.980215259889297
0.9818880330798664
0.9834882357051774
0.9850156267806004
0.9864699762866584
0.9878510652036648
0.9891586855447082
0.990392640386976
0.9915527439014078
0.9926388213806805
0.9936507092655217
0.9945882551693376
0.995451317901163
0.996239767486926
0.9969534851890193
0.997592363524181
0.9981563062796845
0.9986452285278256
0.9990590566387115
0.9993977282913509
0.9996611924830393
0.9998494095370377
0.9999623511085505
1.0000000001889924
0.9999623511085505
0.9998494095370377
0.9996611924830393
0.9993977282913512
0.9990590566387113
0.9986452285278258
0.9981563062796845
0.9975923635241806
0.9969534851890193
0.996239767486926
0.9954513179011633
0.9945882551693374
0.9936507092655217
0.9926388213806806
0.9915527439014077
0.9903926403869763
0.9891586855447085
0.9878510652036648
0.9864699762866582
0.9850156267806005
0.9834882357051774
0.9818880330798663
0.980215259889297
0.9784701680469589
0.9766530203572644
0.9747640904759721
0.9728036628689732
0.9707720327694552
0.9686695061334372
0.9664963995936979
0.9642530404120886
0.9619397664302497
0.9595569260187343
0.9571048780245442
0.9545839917170873
0.9519946467325688
0.9493372330168198
0.9466121507665701
0.9438198103691842
0.9409606323408541
0.9380350472632738
0.9350434957187956
0.9319864282240778
0.9288643051622403
0.9256775967135323
0.9224267827845245
0.919112352935837
0.9157348063084141
0.912294651548354
0.9087924067303093
0.9052285992794674
0.9016037658921225
0.8979184524548491
0.8941732139622948
0.8903686144336007
0.8865052268274616
0.8825836329558405
0.8786044233963491
0.8745681974033108
0.8704755628175137
0.8663271359746724
0.8621235416126107
0.8578654127771769
0.8535533907269115
0.8491881248364743
0.8447702724988516
0.8403004990263548
0.835779477550429
0.8312078889202774
0.8265864216003332
0.8219157715665749
0.8171966422017184
0.8124297441892869
0.8076157954065875
0.8027555208166
0.7978496523587993
0.7928989288389309
0.7879040958177462
0.7828659054987256
0.7777851166147997
0.7726624943140857
0.767498810044659
0.7622948414383779
0.7570513721937724
0.7517691919580236
0.7464490962080462
0.7410918861306904
0.7356983685020895
0.7302693555661584
0.7248056649122767
0.719308119352159
0.713777546795946
0.7082147801275207
0.7026206570790824
0.6969960201049855
0.6913417162548693
0.6856585970460948
0.679947518335511
0.6742093401905659
0.6684449267597798
0.6626551461426129
0.6568408702587291
0.6510029747166911
0.6451423386820929
0.6392598447451647
0.633356378787856
0.6274328298504249
0.6214900899975534
0.6155290541840037
0.6095506201198435
0.6035556881352518
0.597545161044935
0.5915199440121636
0.5854809444124612
0.5794290716969538
0.573365237255412
0.5672903542789979
0.5612053376227425
0.5551111036677728
0.5490085701833045
0.5428986561884354
0.5367822818137367
0.5306603681626934
0.5245338371729824
0.5184036114776358
0.5122706142660943
0.5061357691451795
0.5000000000000001
0.49386423085482073
0.4877293857339059
0.481596388522364
0.47546616282701765
0.4693396318373063
0.4632177181862632
0.4571013438115651
0.4509914298166954
0.44488889633222733
0.43879466237725734
0.4327096457210022
0.42663476274458784
0.4205709283030464
0.4145190555875387
0.40848005598783643
0.4024548389550654
0.3964443118647484
0.3904493798801565
0.3844709458159962
0.37850991000244655
0.37256717014957524
0.3666436212121439
0.3607401552548352
0.3548576613179073
0.3489970252833089
0.34315912974127066
0.33734485385738733
0.3315550732402205
0.32579065980943406
0.32005248166448835
0.31434140295390517
0.3086582837451309
0.30300397989501454
0.2973793429209175
0.29178521987247946
0.2862224532040541
0.280691880647841
0.2751943350877234
0.2697306444338416
0.2643016314979107
0.2589081138693095
0.2535509037919541
0.24823080804197623
0.24294862780622756
0.23770515856162205
0.23250118995534097
0.22733750568591435
0.22221488338520046
0.2171340945012742
0.212095904182254
0.2071010711610693
0.20215034764120085
0.19724447918340024
0.19238420459341232
0.18757025581071313
0.1828033577982816
0.17808422843342497
0.1734135783996668
0.16879211107972267
0.1642205224495712
0.15969950097364508
0.15522972750114855
0.15081187516352582
0.1464466092730884
0.14213458722282268
0.13787645838738932
0.13367286402532752
0.12952443718248632
0.12543180259668918
0.12139557660365108
0.11741636704415966
0.11349477317253848
0.10963138556639918
0.10582678603770536
0.10208154754515114
0.0983962341078773
0.09477140072053236
0.09120759326969072
0.08770534845164624
0.08426519369158586
0.0808876470641628
0.07757321721547544
0.07432240328646775
0.07113569483775958
0.06801357177592235
0.06495650428120449
0.06196495273672599
0.059039367659146066
0.05618018963081577
0.05338784923342964
0.05066276698318036
0.04800535326743118
0.0454160082829129
0.04289512197545603
0.040443073981265475
0.03806023356975041
0.035746959587911596
0.03350360040630188
0.03133049386656254
0.02922796723054477
0.027196337131026645
0.025235909524027975
0.02334697964273542
0.021529831953041027
0.019784740110702973
0.018111966920133615
0.016511764294822647
0.014984373219399355
0.013530023713341525
0.012148934796335371
0.01084131445529155
0.00960735961302377
0.00844725609859226
0.007361178619319307
0.006349290734478241
0.005411744830662587
0.004548682098836823
0.0037602325130737914
0.0030465148109810026
0.0024076364758191067
0.0018436937203154032
0.001354771472174469
0.0009409433612885732
0.00060227170864895
0.0003388075169608147
0.00015059046296231018
3.76488914494611e-5
-1.8899250469168262e-10
3.764889144945704e-5
0.00015059046296230703
0.000338807516960806
0.0006022717086489387
0.0009409433612885638
0.001354771472174452
0.0018436937203153946
0.0024076364758190932
0.003046514810980985
0.0037602325130738014
0.004548682098836791
0.005411744830662583
0.0063492907344782435
0.007361178619319306
0.008447256098592273
0.009607359613023725
0.010841314455291472
0.012148934796335302
0.013530023713341452
0.014984373219399315
0.016511764294822602
0.018111966920133643
0.01978474011070296
0.021529831953040958
0.023346979642735407
0.025235909524027975
0.027196337131026586
0.02922796723054471
0.03133049386656242
0.03350360040630179
0.03574695958791158
0.03806023356975039
0.04044307398126541
0.042895121975455947
0.04541600828291283
0.048005353267431064
0.05066276698318026
0.05338784923342966
0.05618018963081568
0.059039367659146
0.06196495273672587
0.06495650428120445
0.06801357177592232
0.07113569483775951
0.07432240328646779
0.07757321721547539
0.08088764706416283
0.08426519369158582
0.08770534845164618
0.09120759326969076
0.09477140072053218
0.09839623410787718
0.1020815475451509
0.10582678603770518
0.10963138556639908
0.11349477317253845
0.11741636704415964
0.12139557660365104
0.12543180259668907
0.12952443718248624
0.13367286402532738
0.13787645838738907
0.1421345872228226
0.14644660927308825
0.15081187516352562
0.1552297275011484
0.15969950097364516
0.16422052244957108
0.1687921110797226
0.1734135783996667
0.17808422843342475
0.18280335779828147
0.18757025581071296
0.1923842045934122
0.19724447918340027
0.20215034764120066
0.20710107116106924
0.21209590418225402
0.217134094501274
0.2222148833852004
0.22733750568591432
0.2325011899553408
0.23770515856162192
0.24294862780622747
0.2482308080419762
0.2535509037919537
0.25890811386930934
0.26430163149791064
0.2697306444338413
0.27519433508772334
0.28069188064784106
0.2862224532040541
0.29178521987247963
0.2973793429209173
0.30300397989501426
0.30865828374513077
0.3143414029539048
0.3200524816644883
0.3257906598094341
0.3315550732402204
0.33734485385738705
0.34315912974127083
0.3489970252833086
0.35485766131790725
0.36074015525483505
0.36664362121214383
0.3725671701495749
0.37850991000244627
0.3844709458159964
0.3904493798801566
0.39644431186474843
0.40245483895506506
0.4084800559878362
0.4145190555875386
0.42057092830304627
0.42663476274458795
0.4327096457210019
0.4387946623772574
0.44488889633222706
0.4509914298166955
0.4571013438115648
0.4632177181862631
0.46933963183730626
0.4754661628270172
0.4815963885223639
0.4877293857339058
0.4938642308548207
0.5
0.5061357691451793
0.512270614266094
0.5184036114776358
0.5245338371729824
0.5306603681626935
0.5367822818137367
0.542898656188435
0.5490085701833044
0.5551111036677727
0.5612053376227423
0.5672903542789978
0.5733652372554113
0.5794290716969539
0.5854809444124612
0.5915199440121635
0.5975451610449344
0.6035556881352518
0.6095506201198434
0.6155290541840038
0.6214900899975531
0.6274328298504251
0.6333563787878558
0.6392598447451643
0.645142338682093
0.6510029747166912
0.6568408702587291
0.6626551461426123
0.6684449267597797
0.6742093401905658
0.6799475183355113
0.6856585970460944
0.6913417162548693
0.6969960201049855
0.7026206570790823
0.7082147801275211
0.7137775467959461
0.7193081193521589
0.7248056649122763
0.7302693555661584
0.735698368502089
0.7410918861306902
0.7464490962080457
0.7517691919580235
0.7570513721937724
0.7622948414383778
0.767498810044659
0.7726624943140853
0.7777851166147993
0.7828659054987254
0.7879040958177462
0.792898928838931
0.797849652358799
0.8027555208165992
0.8076157954065879
0.8124297441892868
0.8171966422017181
0.8219157715665754
0.8265864216003331
0.8312078889202775
0.8357794775504285
0.8403004990263553
0.8447702724988513
0.849188124836474
0.853553390726911
0.8578654127771773
0.8621235416126104
0.8663271359746721
0.8704755628175139
0.874568197403311
0.8786044233963489
0.8825836329558401
0.8865052268274618
0.8903686144336007
0.8941732139622947
0.897918452454849
0.9016037658921227
0.9052285992794677
0.9087924067303089
0.9122946515483539
0.9157348063084142
0.9191123529358372
0.9224267827845244
0.9256775967135323
0.9288643051622403
0.9319864282240776
0.9350434957187959
0.938035047263274
0.9409606323408538
0.9438198103691842
0.9466121507665706
0.9493372330168197
0.9519946467325688
0.954583991717087
0.9571048780245442
0.9595569260187343
0.9619397664302494
0.9642530404120881
0.9664963995936982
0.9686695061334373
0.9707720327694552
0.9728036628689732
0.9747640904759722
0.9766530203572645
0.9784701680469589
0.9802152598892973
0.9818880330798664
0.9834882357051773
0.9850156267806011
0.986469976286658
0.9878510652036647
0.9891586855447082
0.9903926403869764
0.9915527439014078
0.9926388213806805
0.9936507092655217
0.9945882551693376
0.995451317901163
0.996239767486926
0.9969534851890193
0.997592363524181
0.9981563062796845
0.9986452285278253
0.9990590566387115
0.9993977282913509
0.9996611924830393
0.9998494095370377
0.9999623511085505
1.0000000001889924
0.9999623511085505
0.9998494095370377
0.9996611924830393
0.9993977282913512
0.9990590566387113
0.9986452285278258
0.9981563062796845
0.9975923635241807
0.9969534851890192
0.996239767486926
0.9954513179011629
0.9945882551693374
0.993650709265522
0.9926388213806806
0.9915527439014077
0.9903926403869765
0.9891586855447082
0.987851065203665
0.9864699762866582
0.9850156267806008
0.9834882357051774
0.9818880330798659
0.9802152598892971
0.9784701680469589
0.9766530203572644
0.9747640904759722
0.9728036628689735
0.9707720327694551
0.9686695061334375
0.9664963995936982
0.9642530404120887
0.9619397664302498
0.9595569260187347
0.9571048780245442
0.954583991717087
0.9519946467325688
0.9493372330168195
0.9466121507665702
0.9438198103691844
0.940960632340854
0.9380350472632741
0.9350434957187961
0.9319864282240776
0.9288643051622403
0.9256775967135323
0.9224267827845247
0.9191123529358368
0.9157348063084143
0.9122946515483543
0.9087924067303089
0.9052285992794677
0.9016037658921228
0.897918452454849
0.8941732139622947
0.8903686144336008
0.8865052268274618
0.8825836329558401
0.878604423396349
0.874568197403311
0.870475562817514
0.8663271359746723
0.8621235416126106
0.8578654127771769
0.8535533907269118
0.8491881248364741
0.8447702724988517
0.8403004990263552
0.8357794775504289
0.8312078889202772
0.8265864216003336
0.8219157715665752
0.8171966422017181
0.8124297441892868
0.8076157954065882
0.8027555208165996
0.7978496523587993
0.792898928838931
0.7879040958177463
0.7828659054987255
0.7777851166147998
0.7726624943140856
0.7674988100446595
0.7622948414383779
0.7570513721937724
0.7517691919580239
0.7464490962080463
0.7410918861306904
0.7356983685020894
0.7302693555661584
0.7248056649122765
0.7193081193521591
0.713777546795946
0.7082147801275213
0.7026206570790825
0.6969960201049857
0.6913417162548695
0.6856585970460948
0.6799475183355113
0.6742093401905661
0.6684449267597802
0.6626551461426125
0.6568408702587296
0.6510029747166912
0.6451423386820935
0.6392598447451647
0.6333563787878561
0.6274328298504254
0.6214900899975532
0.6155290541840042
0.6095506201198436
0.6035556881352521
0.5975451610449348
0.5915199440121637
0.5854809444124613
0.5794290716969543
0.5733652372554116
0.5672903542789978
0.5612053376227435
0.5551111036677726
0.5490085701833045
0.5428986561884356
0.5367822818137373
0.5306603681626932
0.5245338371729821
0.5184036114776363
0.5122706142660948
0.5061357691451789
0.5000000000000004
0.49386423085482123
0.48772938573390573
0.48159638852236425
0.4754661628270176
0.4693396318373069
0.4632177181862631
0.45710134381156503
0.4509914298166952
0.444888896332228
0.43879466237725717
0.43270964572100235
0.4266347627445886
0.4205709283030465
0.41451905558753865
0.40848005598783643
0.40245483895506595
0.39644431186474827
0.3904493798801569
0.3844709458159965
0.3785099100024471
0.37256717014957486
0.3666436212121442
0.36074015525483555
0.3548576613179071
0.34899702528330934
0.3431591297412708
0.3373448538573876
0.33155507324022065
0.3257906598094345
0.32005248166448835
0.31434140295390534
0.30865828374513077
0.30300397989501476
0.29737934292091783
0.29178521987247924
0.2862224532040542
0.2806918806478412
0.27519433508772406
0.2697306444338415
0.26430163149791064
0.2589081138693099
0.25355090379195444
0.24823080804197606
0.24294862780622792
0.23770515856162258
0.23250118995534066
0.2273375056859146
0.22221488338520054
0.21713409450127458
0.2120959041822537
0.2071010711610695
0.20215034764120088
0.1972444791834005
0.19238420459341243
0.1875702558107132
0.18280335779828183
0.17808422843342483
0.1734135783996667
0.1687921110797226
0.16422052244957178
0.15969950097364494
0.1552297275011485
0.15081187516352618
0.14644660927308864
0.1421345872228229
0.13787645838738968
0.13367286402532777
0.12952443718248616
0.12543180259668932
0.12139557660365127
0.11741636704415996
0.11349477317253828
0.10963138556639918
0.10582678603770553
0.10208154754515088
0.09839623410787737
0.09477140072053236
0.09120759326969094
0.08770534845164615
0.08426519369158587
0.08088764706416278
0.07757321721547575
0.07432240328646776
0.07113569483775961
0.06801357177592221
0.06495650428120432
0.061964952736725996
0.05903936765914605
0.05618018963081611
0.05338784923342951
0.05066276698318034
0.048005353267431265
0.04541600828291305
0.04289512197545588
0.0404430739812657
0.0380602335697505
0.03574695958791142
0.03350360040630206
0.031330493866562704
0.02922796723054496
0.027196337131026673
0.025235909524028075
0.023346979642735483
0.02152983195304118
0.01978474011070295
0.018111966920133622
0.016511764294822717
0.014984373219399317
0.013530023713341515
0.012148934796335366
0.010841314455291665
0.009607359613023666
0.008447256098592267
0.007361178619319351
0.006349290734478379
0.005411744830662371
0.004548682098837289
0.0037602325130725012
0.003046514810985371
0.002407636475805171
0.0018436937203587663
0.0013547714720335126
0.0009409433617055321
0.0006022717071204845
0.00033880752024722106
0.0001505904412332438
3.7648876875864335e-5
-7.541106123512184e-10
