0.0025591630463613416
0.03802073276171992
0.14645080358412296
0.30867175209497205
0.4999918688765787
0.6913148427650717
0.8535247860335743
0.9619145559657301
0.999982067161931
0.9619316233801187
0.8535563195813496
0.6913552720134387
0.5000221237989371
0.30868560576806836
0.14647497019961037
0.03808531560175072
1.7984490742922718e-5
0.03806838288091908
0.14644368256032272
0.30864472657234215
0.49997787632433216
0.6913143942052625
0.8535250298377923
0.9619146843898774
0.9999820155106492
0.9619316171181803
0.8535563174400056
0.6913552734275888
0.5000221236756943
0.3086856057947272
0.14647497016221064
0.038085315610121864
1.7984489350920024e-5
0.03806838288181934
0.14644368255999407
0.30864472657241127
0.4999778763243053
0.6913143942052729
0.8535250298377891
0.9619146843898783
0.9999820155106492
0.9619316171181805
0.853556317440007
0.6913552734275863
0.5000221236757038
0.30868560579469895
0.14647497016229397
0.0380853156098768
1.7984490195844124e-5
0.03806838287931761
0.14644368256655477
0.308644726549091
0.4999778764056968
0.6913143940287547
0.8535250304173552
0.9619146818089133
0.9999820218376224
0.9619316090673419
0.8535564033652716
0.6913550522469611
0.5000223765484659
0.308685058014877
0.14649130911892752
0.03810208538921513
8.794067967000288e-5
