-0.010963416672565127
0.14430179710682556
0.49967695947176965
0.8555925730495095
1.002787924620371
0.8555475395117597
0.4999978490092498
0.14445951681300434
-0.002811323099323224
0.144458920578261
0.4999999788250151
0.8555411529062323
1.0028111088376561
0.8555411468837931
0.49999999978587384
0.1444588538607211
-0.002811110998624251
0.1444588538607211
0.4999999997858739
0.8555411468837933
1.0028111088376563
0.8555411529062323
0.4999999788250152
0.14445892057826096
-0.0028113230993232073
0.1444595168130044
0.49999784900924965
0.8555475395117595
1.0027879246203708
0.8555925730495099
0.4996769594717697
0.14430179710682553
-0.010963416672564716
