1.8627533920900471e-10
0.00015059064897145593
0.0006022718977105957
0.0013547716617999441
0.002407636663517184
0.00376023269864078
0.005411745014917959
0.007361178802210314
0.009607359794445998
0.012148934976162883
0.0149843733975271
0.01811196709645398
0.021529832127448495
0.02523590969641698
0.029227967400812037
0.03350360057434422
0.03806023373546692
0.04289512213874671
0.04800535342819799
0.05338784939157558
0.05903936781457559
0.06495650443382439
0.07113569498747806
0.07757321736220184
0.08426519383523205
0.09120759341017007
0.09839623424510509
0.10582678617159895
0.11349477330301741
0.12139557673063651
0.12952443730590235
0.13787645850716124
0.14644660938914425
0.15522972761341788
0.16422052255798691
0.173413578504163
0.182803357898796
0.1923842046898842
0.20215034773357182
0.21209590427046834
0.22221488346920507
0.23250119003508568
0.2429486278816643
0.2535509038630371
0.2643016315645972
0.2751943351499734
0.28622245326183
0.2973793429741845
0.3086582837938565
0.32005248170864387
0.331555073279779
0.34315912977620855
0.3548576613482031
0.36664362123778027
0.3785099100234074
0.39044937989642864
0.4024548389666399
0.41451905559440866
0.42663476274674894
0.4387946623747077
0.4509914298094368
0.4632177181743004
0.4754661628103575
0.48772938571255864
0.4999999999739781
0.5122706142354145
0.5245338371376619
0.536782281773798
0.5490085701387706
0.5612053375736403
0.5733652372017712
0.5854809443543144
0.5975451609823167
0.6095506200527921
0.6214900899261094
0.633356378712062
0.645142338601995
0.6568408701743744
0.6684449266712202
0.6799475182428001
0.6913417161580616
0.7026206569782372
0.7137775466911236
0.7248056648035405
0.7356983683895043
0.7464490960916812
0.7570513720736973
0.767498809920946
0.7777851164875225
0.7879040956869823
0.7978496522246273
0.8076157952690882
0.8171966420609743
0.8265864214564294
0.835779477403452
0.8447702723488906
0.8535533905740561
0.8621235414569534
0.8704755626591478
0.8786044232353702
0.8865052266639669
0.8941732137963825
0.9016037657238929
0.908792406559863
0.9157348061358547
0.9224267826099554
0.9288643049857668
0.935043495540524
0.9409606321608915
0.9466121505850257
0.9519946465495506
0.9571048778401635
0.9619397662446172
0.9664963994069257
0.9707720325816552
0.9747640902872583
0.9784701678574441
0.9818880328896655
0.9850156265898276
0.9878510650124349
0.9903926401954046
0.9926388211888831
0.9945882549774285
0.9962397672950223
0.9975923633323974
0.9986452283362779
0.9993977281001543
0.9998494093463074
0.9999999999988438
0.9998494093475849
0.9993977281027084
0.9986452283401065
0.9975923633374981
0.9962397673013931
0.9945882549850651
0.9926388211977801
0.9903926402055576
0.9878510650238379
0.9850156266024731
0.9818880329035464
0.978470167872552
0.9747640903035832
0.970772032599188
0.9664963994256557
0.9619397662645335
0.9571048778612535
0.9519946465718022
0.9466121506084246
0.9409606321854246
0.9350434955661759
0.9288643050125223
0.9224267826377982
0.9157348061647684
0.9087924065898301
0.9016037657548951
0.8941732138284009
0.8865052266969827
0.8786044232693635
0.8704755626940978
0.8621235414928397
0.8535533906108559
0.8447702723865826
0.8357794774420133
0.8265864214958372
0.8171966421012042
0.8076157953101165
0.7978496522664288
0.7879040957295319
0.7777851165307951
0.7674988099649147
0.7570513721183364
0.7464490961369633
0.7356983684354031
0.7248056648500267
0.7137775467381701
0.702620657025816
0.6913417162061436
0.6799475182913561
0.6684449267202214
0.6568408702237915
0.6451423386517969
0.6333563787622201
0.6214900899765929
0.6095506201035712
0.5975451610333602
0.5854809444055916
0.5733652372532512
0.5612053376252929
0.5490085701905631
0.5367822818257
0.5245338371896423
0.512270614287442
0.5000000000260219
0.48772938576458613
0.4754661628623382
0.46321771822620245
0.45099142986122964
0.4387946624263596
0.42663476279822893
0.4145190556456856
0.40245483901768303
0.390449379947208
0.3785099100738908
0.3666436212879383
0.35485766139800573
0.3431591298256253
0.33155507332878
0.3200524817572001
0.30865828384193866
0.29737934302176255
0.2862224533088768
0.2751943351964598
0.26430163161049536
0.2535509039083193
0.24294862792630334
0.23250119007905493
0.22221488351247778
0.21209590431301867
0.20215034777537302
0.19238420473091244
0.18280335793902597
0.17341357854357084
0.16422052259654818
0.1552297276511101
0.14644660942594423
0.13787645854304695
0.1295244373408527
0.12139557676463013
0.11349477333603358
0.10582678620361796
0.09839623427610744
0.09120759344013718
0.08426519386414576
0.07757321739004513
0.07113569501423361
0.06495650445947664
0.05903936783910889
0.053387849414974764
0.04800535345044941
0.04289512215983696
0.03806023375538296
0.03350360059307434
0.029227967418344842
0.025235909712742192
0.021529832142555754
0.0181119671103348
0.01498437341017236
0.012148934987565379
0.009607359804595459
0.007361178811117392
0.005411745022571452
0.003760232704977911
0.002407636667602819
0.001354771663722281
0.0006022718998454873
0.00015059065369238986
1.1562427671073184e-12
0.00015059065241517528
0.0006022718972918164
0.0013547716598937142
0.0024076366625016285
0.0037602326986071804
0.005411745014935037
0.007361178802219836
0.009607359794442175
0.01214893497616245
0.0149843733975268
0.018111967096454077
0.021529832127448262
0.025235909696416984
0.02922796740081174
0.033503600574344115
0.03806023373546674
0.04289512213874653
0.04800535342819774
0.05338784939157536
0.059039367814575604
0.06495650443382417
0.07113569498747775
0.07757321736220156
0.0842651938352317
0.09120759341016971
0.09839623424510481
0.1058267861715988
0.1134947733030172
0.12139557673063633
0.12952443730590188
0.13787645850716074
0.14644660938914358
0.15522972761341747
0.16422052255798636
0.17341357850416278
0.1828033578987953
0.1923842046898835
0.20215034773357105
0.2120959042704679
0.22221488346920468
0.2325011900350853
0.24294862788166385
0.25355090386303664
0.26430163156459696
0.27519433514997305
0.2862224532618297
0.29737934297418395
0.3086582837938564
0.3200524817086438
0.3315550732797787
0.3431591297762083
0.3548576613482029
0.3666436212377798
0.37850991002340717
0.3904493798964289
0.40245483896663964
0.4145190555944083
0.42663476274674844
0.4387946623747071
0.45099142980943635
0.4632177181742998
0.47546616281035703
0.48772938571255814
0.4999999999739781
0.5122706142354138
0.5245338371376613
0.5367822817737972
0.54900857013877
0.56120533757364
0.5733652372017708
0.585480944354314
0.5975451609823164
0.609550620052792
0.6214900899261088
0.6333563787120613
0.6451423386019942
0.6568408701743742
0.6684449266712194
0.6799475182427993
0.6913417161580612
0.702620656978237
0.713777546691123
0.7248056648035399
0.7356983683895042
0.7464490960916809
0.7570513720736968
0.767498809920945
0.777785116487522
0.7879040956869817
0.7978496522246268
0.8076157952690878
0.8171966420609741
0.8265864214564291
0.8357794774034517
0.8447702723488896
0.8535533905740559
0.8621235414569528
0.8704755626591475
0.87860442323537
0.8865052266639666
0.8941732137963821
0.9016037657238923
0.9087924065598628
0.9157348061358541
0.9224267826099553
0.9288643049857662
0.9350434955405234
0.9409606321608909
0.946612150585025
0.9519946465495505
0.9571048778401631
0.9619397662446167
0.9664963994069252
0.970772032581655
0.9747640902872581
0.9784701678574441
0.9818880328896655
0.9850156265898273
0.9878510650124349
0.9903926401954046
0.9926388211888829
0.9945882549774285
0.9962397672950221
0.9975923633323972
0.9986452283362776
0.9993977281001543
0.9998494093463074
0.9999999999988438
0.9998494093475849
0.9993977281027082
0.9986452283401065
0.9975923633374985
0.9962397673013931
0.9945882549850651
0.9926388211977804
0.9903926402055578
0.9878510650238379
0.9850156266024731
0.9818880329035464
0.978470167872552
0.9747640903035834
0.9707720325991881
0.9664963994256561
0.9619397662645336
0.9571048778612538
0.9519946465718027
0.9466121506084249
0.9409606321854244
0.935043495566176
0.9288643050125225
0.9224267826377986
0.9157348061647685
0.9087924065898304
0.9016037657548951
0.8941732138284014
0.8865052266969832
0.8786044232693638
0.8704755626940983
0.8621235414928397
0.8535533906108563
0.8447702723865829
0.8357794774420141
0.8265864214958375
0.8171966421012048
0.8076157953101167
0.7978496522664291
0.7879040957295322
0.7777851165307956
0.7674988099649152
0.7570513721183365
0.746449096136964
0.7356983684354034
0.7248056648500274
0.7137775467381704
0.7026206570258163
0.6913417162061437
0.6799475182913565
0.6684449267202215
0.6568408702237919
0.6451423386517974
0.6333563787622206
0.6214900899765937
0.6095506201035717
0.5975451610333607
0.5854809444055924
0.573365237253252
0.5612053376252932
0.549008570190564
0.5367822818257005
0.5245338371896431
0.5122706142874424
0.5000000000260223
0.48772938576458685
0.4754661628623387
0.4632177182262032
0.45099142986123003
0.4387946624263603
0.42663476279822954
0.4145190556456864
0.40245483901768375
0.39044937994720846
0.37850991007389145
0.3666436212879389
0.3548576613980063
0.34315912982562596
0.3315550733287807
0.32005248175720064
0.30865828384193905
0.2973793430217635
0.2862224533088772
0.27519433519646036
0.26430163161049597
0.25355090390831964
0.2429486279263037
0.2325011900790551
0.22221488351247812
0.21209590431301859
0.20215034777537347
0.19238420473091258
0.18280335793902633
0.17341357854357117
0.1642205225965486
0.15522972765111046
0.14644660942594442
0.13787645854304745
0.12952443734085273
0.12139557676463039
0.11349477333603376
0.10582678620361818
0.0983962342761078
0.09120759344013737
0.08426519386414599
0.07757321739004525
0.0711356950142339
0.06495650445947673
0.05903936783910908
0.05338784941497509
0.048005353450449574
0.04289512215983709
0.0380602337553832
0.03350360059307467
0.02922796741834496
0.025235909712742307
0.02152983214255593
0.01811196711033494
0.01498437341017253
0.012148934987565422
0.009607359804595528
0.007361178811117443
0.005411745022571526
0.0037602327049779723
0.002407636667602878
0.0013547716637223313
0.0006022718998455143
0.00015059065369240715
1.1562426491322977e-12
0.00015059065241516143
0.0006022718972917927
0.0013547716598936714
0.002407636662501585
0.003760232698607121
0.005411745014934955
0.007361178802219751
0.009607359794442072
0.012148934976162325
0.014984373397526651
0.018111967096453904
0.0215298321274481
0.02523590969641678
0.029227967400811558
0.03350360057434395
0.038060233735466485
0.042895122138746335
0.04800535342819751
0.05338784939157511
0.05903936781457529
0.0649565044338239
0.0711356949874775
0.07757321736220134
0.08426519383523141
0.09120759341016953
0.09839623424510469
0.10582678617159853
0.1134947733030168
0.12139557673063613
0.12952443730590152
0.13787645850716035
0.1464466093891431
0.15522972761341708
0.1642205225579859
0.17341357850416236
0.18280335789879512
0.19238420468988315
0.20215034773357063
0.21209590427046748
0.2222148834692043
0.2325011900350848
0.24294862788166321
0.2535509038630361
0.26430163156459646
0.27519433514997266
0.2862224532618292
0.2973793429741836
0.3086582837938558
0.32005248170864314
0.3315550732797782
0.3431591297762078
0.35485766134820257
0.3666436212377794
0.3785099100234062
0.39044937989642825
0.4024548389666389
0.4145190555944077
0.4266347627467479
0.4387946623747067
0.4509914298094358
0.46321771817429935
0.47546616281035653
0.4877293857125576
0.4999999999739775
0.5122706142354131
0.524533837137661
0.5367822817737967
0.5490085701387696
0.5612053375736397
0.5733652372017705
0.5854809443543136
0.5975451609823158
0.6095506200527915
0.6214900899261081
0.6333563787120607
0.6451423386019934
0.656840870174374
0.668444926671219
0.679947518242799
0.6913417161580606
0.7026206569782362
0.7137775466911223
0.7248056648035396
0.7356983683895041
0.7464490960916802
0.757051372073696
0.7674988099209448
0.7777851164875217
0.7879040956869812
0.7978496522246264
0.8076157952690872
0.8171966420609735
0.8265864214564286
0.8357794774034515
0.8447702723488894
0.8535533905740552
0.8621235414569522
0.8704755626591473
0.8786044232353698
0.8865052266639661
0.8941732137963818
0.9016037657238919
0.9087924065598624
0.915734806135854
0.9224267826099546
0.9288643049857659
0.9350434955405231
0.9409606321608907
0.9466121505850247
0.9519946465495505
0.957104877840163
0.9619397662446167
0.966496399406925
0.9707720325816549
0.9747640902872579
0.9784701678574441
0.9818880328896653
0.9850156265898271
0.9878510650124346
0.9903926401954042
0.9926388211888827
0.9945882549774285
0.9962397672950221
0.9975923633323972
0.9986452283362776
0.9993977281001543
0.9998494093463074
0.9999999999988438
0.9998494093475849
0.9993977281027084
0.9986452283401065
0.9975923633374981
0.9962397673013933
0.9945882549850651
0.9926388211977804
0.9903926402055581
0.9878510650238381
0.9850156266024731
0.9818880329035466
0.9784701678725523
0.9747640903035834
0.9707720325991888
0.9664963994256561
0.9619397662645337
0.957104877861254
0.9519946465718029
0.9466121506084251
0.9409606321854246
0.9350434955661763
0.9288643050125226
0.9224267826377989
0.9157348061647688
0.9087924065898305
0.9016037657548956
0.8941732138284018
0.8865052266969833
0.8786044232693643
0.8704755626940986
0.86212354149284
0.8535533906108571
0.8447702723865832
0.8357794774420142
0.8265864214958378
0.8171966421012054
0.8076157953101173
0.7978496522664298
0.7879040957295327
0.7777851165307957
0.7674988099649156
0.757051372118337
0.7464490961369644
0.735698368435404
0.7248056648500277
0.713777546738171
0.7026206570258167
0.6913417162061442
0.6799475182913569
0.668444926720222
0.6568408702237925
0.6451423386517979
0.6333563787622211
0.6214900899765942
0.6095506201035721
0.5975451610333614
0.585480944405593
0.5733652372532521
0.5612053376252935
0.5490085701905643
0.536782281825701
0.5245338371896435
0.5122706142874426
0.5000000000260227
0.4877293857645874
0.47546616286233945
0.4632177182262038
0.4509914298612308
0.43879466242636056
0.42663476279823
0.4145190556456868
0.4024548390176843
0.39044937994720913
0.3785099100738921
0.3666436212879396
0.35485766139800684
0.34315912982562635
0.3315550733287813
0.3200524817572014
0.30865828384193955
0.29737934302176383
0.2862224533088777
0.27519433519646064
0.2643016316104964
0.2535509039083202
0.24294862792630423
0.23250119007905556
0.22221488351247848
0.21209590431301908
0.20215034777537375
0.1923842047309128
0.18280335793902672
0.17341357854357162
0.16422052259654896
0.1552297276511109
0.14644660942594473
0.13787645854304778
0.12952443734085312
0.1213955767646306
0.11349477333603405
0.10582678620361852
0.09839623427610801
0.09120759344013753
0.0842651938641462
0.07757321739004541
0.07113569501423411
0.06495650445947701
0.05903936783910939
0.053387849414975284
0.048005353450449845
0.04289512215983728
0.038060233755383394
0.03350360059307482
0.029227967418345185
0.025235909712742498
0.02152983214255614
0.01811196711033509
0.014984373410172638
0.012148934987565554
0.009607359804595629
0.00736117881111756
0.005411745022571612
0.003760232704978041
0.00240763666760292
0.001354771663722368
0.0006022718998455409
0.0001505906536924191
1.1562417564936254e-12
0.00015059065241515134
0.0006022718972917667
0.0013547716598936335
0.0024076366625015184
0.003760232698607046
0.005411745014934886
0.007361178802219707
0.009607359794441972
0.012148934976162207
0.01498437339752651
0.018111967096453817
0.0215298321274479
0.025235909696416627
0.029227967400811405
0.0335036005743438
0.038060233735466416
0.04289512213874614
0.04800535342819738
0.05338784939157485
0.05903936781457508
0.0649565044338238
0.07113569498747721
0.07757321736220124
0.08426519383523123
0.09120759341016935
0.09839623424510438
0.10582678617159837
0.11349477330301672
0.12139557673063599
0.12952443730590135
0.1378764585071599
0.14644660938914303
0.1552297276134169
0.16422052255798555
0.1734135785041621
0.1828033578987947
0.19238420468988313
0.20215034773357035
0.2120959042704676
0.22221488346920418
0.23250119003508446
0.242948627881663
0.2535509038630354
0.2643016315645959
0.2751943351499721
0.28622245326182866
0.2973793429741827
0.3086582837938557
0.3200524817086427
0.33155507327977735
0.34315912977620733
0.35485766134820174
0.36664362123777894
0.3785099100234053
0.3904493798964278
0.40245483896663836
0.41451905559440705
0.42663476274674744
0.4387946623747058
0.45099142980943524
0.4632177181742988
0.47546616281035614
0.4877293857125572
0.49999999997397715
0.5122706142354129
0.52453383713766
0.5367822817737962
0.5490085701387689
0.5612053375736391
0.5733652372017694
0.5854809443543131
0.5975451609823155
0.6095506200527909
0.6214900899261074
0.6333563787120605
0.6451423386019932
0.6568408701743736
0.6684449266712184
0.6799475182427986
0.6913417161580604
0.7026206569782357
0.7137775466911217
0.7248056648035389
0.7356983683895039
0.7464490960916796
0.7570513720736959
0.7674988099209444
0.7777851164875214
0.7879040956869807
0.797849652224626
0.8076157952690867
0.8171966420609733
0.8265864214564285
0.8357794774034508
0.8447702723488891
0.853553390574055
0.8621235414569522
0.8704755626591466
0.8786044232353696
0.8865052266639658
0.8941732137963814
0.9016037657238917
0.9087924065598622
0.9157348061358537
0.9224267826099543
0.9288643049857659
0.935043495540523
0.9409606321608909
0.9466121505850247
0.9519946465495503
0.9571048778401627
0.9619397662446165
0.966496399406925
0.9707720325816545
0.9747640902872576
0.9784701678574439
0.9818880328896653
0.9850156265898271
0.9878510650124346
0.9903926401954042
0.9926388211888827
0.9945882549774281
0.9962397672950221
0.9975923633323972
0.9986452283362776
0.999397728100154
0.9998494093463074
0.9999999999988438
0.9998494093475849
0.9993977281027082
0.9986452283401065
0.9975923633374987
0.9962397673013933
0.9945882549850651
0.9926388211977804
0.9903926402055582
0.9878510650238381
0.9850156266024735
0.9818880329035466
0.9784701678725524
0.9747640903035834
0.9707720325991888
0.9664963994256567
0.961939766264534
0.9571048778612544
0.9519946465718027
0.9466121506084254
0.9409606321854251
0.9350434955661768
0.928864305012523
0.9224267826377993
0.9157348061647691
0.9087924065898307
0.9016037657548959
0.8941732138284021
0.8865052266969838
0.8786044232693646
0.870475562694099
0.8621235414928402
0.8535533906108572
0.844770272386584
0.8357794774420146
0.8265864214958383
0.8171966421012056
0.8076157953101177
0.79784965226643
0.787904095729533
0.7777851165307965
0.7674988099649166
0.7570513721183368
0.746449096136965
0.7356983684354041
0.7248056648500286
0.7137775467381713
0.7026206570258171
0.6913417162061448
0.6799475182913577
0.6684449267202226
0.6568408702237925
0.6451423386517987
0.6333563787622215
0.6214900899765945
0.6095506201035726
0.5975451610333619
0.585480944405593
0.5733652372532524
0.5612053376252946
0.5490085701905649
0.5367822818257016
0.5245338371896437
0.5122706142874436
0.500000000026023
0.4877293857645878
0.4754661628623398
0.46321771822620417
0.45099142986123153
0.43879466242636095
0.4266347627982305
0.41451905564568725
0.40245483901768464
0.39044937994720913
0.3785099100738924
0.3666436212879395
0.35485766139800673
0.3431591298256265
0.33155507332878154
0.3200524817572015
0.3086582838419396
0.29737934302176444
0.2862224533088778
0.27519433519646114
0.2643016316104964
0.25355090390832064
0.24294862792630476
0.2325011900790562
0.22221488351247895
0.2120959043130197
0.20215034777537444
0.19238420473091342
0.18280335793902736
0.17341357854357195
0.1642205225965497
0.15522972765111098
0.14644660942594515
0.13787645854304845
0.12952443734085345
0.12139557676463113
0.11349477333603444
0.10582678620361886
0.0983962342761083
0.09120759344013782
0.08426519386414666
0.07757321739004591
0.07113569501423445
0.06495650445947686
0.05903936783910954
0.05338784941497562
0.048005353450450004
0.042895122159837276
0.03806023375538363
0.033503600593074896
0.029227967418345362
0.025235909712742557
0.02152983214255643
0.01811196711033514
0.014984373410172764
0.012148934987565417
0.009607359804596208
0.007361178811116948
0.005411745022577995
0.0037602327049605895
0.0024076366676210386
0.0013547716636959106
0.0006022719011175048
0.0001505906549038819
5.805422098615684e-12
