2.919426433303263e-8
0.0002677106007169149
0.0010705443334784388
0.0024076434818688978
0.004277576417730549
0.006678341024765057
0.009607366827931582
0.013061517337031179
0.01703709377480244
0.021529838988557794
0.026534942035511266
0.032047043325401946
0.03806024036228519
0.044568094064102934
0.051563635658126855
0.05903937414319232
0.06698730431128559
0.07539891531970719
0.08426519980470182
0.0935766635267668
0.10332333553732238
0.11349477885585121
0.12408010164608124
0.13506796887923525
0.1464466144718643
0.15820385388526326
0.17032709717298192
0.18280336246245382
0.19561928985630941
0.20876115573849363
0.22221488746984952
0.23596607845746106
0.2500000035815896
0.2643016349637001
0.27885565805869084
0.293646488054095
0.30865828655868244
0.3238749785626097
0.3392802696509438
0.35485766345212505
0.37059047930270145
0.3864618701093944
0.40245484038939594
0.41855226446954746
0.43473690482494776
0.4509914305373251
0.4672984358534127
0.4836404588234738
0.49999999999998834
0.5163595411765038
0.5327015641465644
0.5490085694626533
0.5652630951750294
0.5814477355304306
0.597545159610582
0.6135381298905831
0.6294095206972768
0.6451423365478532
0.6607197303490351
0.6761250214373689
0.6913417134412966
0.7063535119458842
0.7211443419412887
0.7356983650362803
0.7499999964183908
0.7640339215425191
0.7777851125301319
0.791238844261488
0.804380710143672
0.8171966375375294
0.8296729028270006
0.8417961461147205
0.8535533855281195
0.8649320311207493
0.8759198983539038
0.8865052211441345
0.8966766644626639
0.9064233364732195
0.9157348001952854
0.9246010846802809
0.9330126956887035
0.9409606258567969
0.9484363643418637
0.9554319059358868
0.961939759637709
0.9679529566745816
0.9734650579645037
0.9784701610113503
0.9829629062254164
0.9869384826625939
0.9903926331760575
0.9933216589749198
0.9957224235849919
0.9975923562073966
0.9989294544714445
0.9997322865788247
0.9999999928368075
0.9997322865788262
0.9989294544714477
0.9975923562074008
0.9957224235849977
0.993321658974927
0.990392633176066
0.9869384826626038
0.9829629062254274
0.9784701610113637
0.9734650579645173
0.967952956674597
0.9619397596377259
0.9554319059359053
0.948436364341883
0.9409606258568177
0.9330126956887254
0.9246010846803046
0.9157348001953104
0.9064233364732458
0.8966766644626915
0.8865052211441627
0.875919898353933
0.8649320311207797
0.8535533855281516
0.8417961461147526
0.8296729028270349
0.8171966375375636
0.8043807101437076
0.7912388442615249
0.7777851125301688
0.7640339215425574
0.7499999964184294
0.7356983650363197
0.7211443419413286
0.706353511945925
0.6913417134413378
0.6761250214374108
0.660719730349077
0.6451423365478963
0.6294095206973203
0.6135381298906266
0.5975451596106265
0.5814477355304742
0.565263095175074
0.5490085694626975
0.5327015641466095
0.5163595411765481
0.5000000000000332
0.48364045882351875
0.46729843585345743
0.4509914305373691
0.4347369048249925
0.41855226446959143
0.40245484038943913
0.3864618701094388
0.37059047930274436
0.35485766345216785
0.33928026965098596
0.3238749785626521
0.3086582865587237
0.29364648805413607
0.2788556580587314
0.26430163496373943
0.2500000035816282
0.23596607845749934
0.222214887469887
0.20876115573852916
0.19561928985634539
0.18280336246248802
0.17032709717301547
0.15820385388529598
0.14644661447189597
0.13506796887926584
0.12408010164611076
0.11349477885587946
0.10332333553734951
0.09357666352679293
0.08426519980472694
0.07539891531973075
0.06698730431130759
0.0590393741432139
0.05156363565814631
0.044568094064122175
0.0380602403622996
0.032047043325426336
0.026534942035503564
0.02152983898865575
0.017037093774589576
0.013061517337411267
0.009607366823946946
0.006678341025083693
0.004277576415010922
0.002407643792605624
0.0010705455285567114
0.0002677134211758828
7.163192511795573e-9
0.0002677134211729646
0.0010705455285509073
0.0024076437925969942
0.004277576414999436
0.006678341025069449
0.009607366823929995
0.013061517337391493
0.01703709377456715
0.02152983898863079
0.026534942035475982
0.03204704332539621
0.03806024036226703
0.04456809406408707
0.05156363565810888
0.059039374143173895
0.06698730431126602
0.0753989153196867
0.08426519980468057
0.09357666352674496
0.10332333553729926
0.11349477885582747
0.12408010164605676
0.1350679688792103
0.14644661447183857
0.15820385388523708
0.17032709717295513
0.18280336246242646
0.19561928985628216
0.2087611557384653
0.22221488746982127
0.23596607845743273
0.2500000035815608
0.26430163496367065
0.27885565805866186
0.29364648805406546
0.30865828655865246
0.3238749785625804
0.33928026965091385
0.35485766345209535
0.37059047930267164
0.3864618701093652
0.40245484038936646
0.41855226446951793
0.4347369048249191
0.45099143053729596
0.4672984358533846
0.48364045882344586
0.49999999999996075
0.5163595411764759
0.5327015641465378
0.549008569462626
0.5652630951750034
0.5814477355304046
0.5975451596105567
0.6135381298905582
0.6294095206972526
0.6451423365478292
0.6607197303490121
0.6761250214373464
0.691341713441275
0.7063535119458632
0.721144341941268
0.7356983650362601
0.7499999964183713
0.7640339215425008
0.7777851125301137
0.791238844261471
0.8043807101436558
0.8171966375375131
0.8296729028269859
0.8417961461147057
0.8535533855281059
0.8649320311207362
0.8759198983538916
0.8865052211441228
0.8966766644626528
0.9064233364732094
0.9157348001952759
0.924601084680272
0.9330126956886946
0.940960625856789
0.9484363643418561
0.9554319059358803
0.9619397596377028
0.967952956674576
0.9734650579644988
0.9784701610113464
0.9829629062254124
0.9869384826625904
0.9903926331760547
0.993321658974918
0.9957224235849904
0.9975923562073953
0.9989294544714437
0.9997322865788244
0.9999999928368075
0.9997322865788266
0.9989294544714483
0.9975923562074017
0.9957224235849992
0.993321658974929
0.9903926331760676
0.9869384826626059
0.9829629062254301
0.9784701610113664
0.9734650579645208
0.9679529566746006
0.9619397596377293
0.9554319059359091
0.9484363643418872
0.9409606258568217
0.9330126956887299
0.9246010846803085
0.9157348001953146
0.9064233364732505
0.896676664462696
0.8865052211441679
0.875919898353938
0.8649320311207845
0.8535533855281563
0.841796146114758
0.8296729028270396
0.8171966375375688
0.8043807101437127
0.7912388442615298
0.7777851125301737
0.7640339215425622
0.7499999964184342
0.7356983650363245
0.7211443419413333
0.7063535119459299
0.6913417134413427
0.676125021437415
0.6607197303490817
0.6451423365479002
0.6294095206973243
0.6135381298906306
0.5975451596106299
0.5814477355304782
0.5652630951750772
0.5490085694627005
0.5327015641466124
0.5163595411765513
0.5000000000000363
0.4836404588235212
0.46729843585345976
0.4509914305373713
0.4347369048249943
0.41855226446959287
0.40245484038944074
0.38646187010943933
0.3705904793027451
0.3548576634521681
0.33928026965098607
0.3238749785626517
0.3086582865587233
0.2936464880541352
0.2788556580587304
0.26430163496373826
0.2500000035816273
0.235966078457498
0.22221488746988513
0.20876115573852783
0.19561928985634328
0.18280336246248602
0.17032709717301336
0.15820385388529357
0.1464466144718934
0.1350679688792633
0.12408010164610804
0.11349477885587679
0.1033233355373468
0.09357666352679042
0.08426519980472409
0.07539891531972807
0.06698730431130519
0.05903937414321109
0.051563635658143744
0.04456809406411976
0.03806024036229724
0.03204704332542406
0.02653494203550147
0.02152983898865378
0.017037093774587748
0.013061517337409564
0.009607366823945515
0.006678341025082441
0.004277576415009861
0.0024076437926048378
0.001070545528556147
0.0002677134211755936
7.163192509930146e-9
0.0002677134211732558
0.001070545528551475
0.0024076437925978343
0.004277576415000536
0.006678341025070803
0.009607366823931573
0.013061517337393339
0.017037093774569245
0.02152983898863304
0.026534942035478497
0.03204704332539889
0.0380602403622699
0.044568094064090256
0.05156363565811215
0.05903937414317741
0.06698730431126947
0.07539891531969031
0.08426519980468436
0.09357666352674882
0.10332333553730333
0.11349477885583142
0.12408010164606094
0.13506796887921446
0.14644661447184285
0.15820385388524136
0.17032709717295955
0.18280336246243076
0.19561928985628657
0.2087611557384697
0.22221488746982565
0.23596607845743722
0.2500000035815654
0.26430163496367526
0.2788556580586664
0.2936464880540699
0.3086582865586572
0.32387497856258485
0.3392802696509183
0.3548576634520999
0.37059047930267586
0.38646187010936983
0.4024548403893705
0.4185522644695223
0.43473690482492333
0.45099143053730006
0.4672984358533884
0.48364045882344964
0.49999999999996475
0.5163595411764795
0.5327015641465409
0.5490085694626294
0.5652630951750064
0.5814477355304077
0.5975451596105595
0.6135381298905608
0.629409520697255
0.6451423365478319
0.660719730349014
0.6761250214373482
0.6913417134412764
0.7063535119458645
0.7211443419412692
0.7356983650362614
0.7499999964183722
0.7640339215425015
0.7777851125301142
0.7912388442614714
0.804380710143656
0.8171966375375135
0.8296729028269858
0.8417961461147057
0.8535533855281058
0.8649320311207359
0.8759198983538913
0.8865052211441224
0.8966766644626524
0.9064233364732085
0.9157348001952751
0.9246010846802708
0.9330126956886942
0.940960625856788
0.9484363643418554
0.9554319059358796
0.9619397596377023
0.9679529566745748
0.973465057964498
0.9784701610113457
0.9829629062254115
0.9869384826625898
0.9903926331760537
0.9933216589749171
0.9957224235849899
0.9975923562073948
0.9989294544714434
0.9997322865788242
0.9999999928368075
0.9997322865788266
0.9989294544714485
0.9975923562074024
0.9957224235849994
0.9933216589749294
0.9903926331760687
0.9869384826626066
0.982962906225431
0.9784701610113671
0.9734650579645219
0.9679529566746011
0.9619397596377304
0.9554319059359098
0.9484363643418879
0.9409606258568229
0.9330126956887306
0.9246010846803097
0.9157348001953157
0.9064233364732508
0.8966766644626966
0.8865052211441681
0.8759198983539384
0.864932031120785
0.8535533855281562
0.8417961461147578
0.8296729028270394
0.8171966375375685
0.8043807101437123
0.7912388442615294
0.777785112530173
0.7640339215425614
0.7499999964184333
0.7356983650363232
0.7211443419413321
0.706353511945928
0.6913417134413409
0.676125021437413
0.6607197303490798
0.645142336547898
0.6294095206973217
0.6135381298906284
0.5975451596106269
0.5814477355304754
0.5652630951750743
0.5490085694626968
0.5327015641466089
0.5163595411765471
0.5000000000000325
0.4836404588235173
0.4672984358534559
0.4509914305373672
0.43473690482498994
0.41855226446958854
0.4024548403894368
0.38646187010943484
0.3705904793027406
0.35485766345216346
0.3392802696509814
0.3238749785626472
0.30865828655871874
0.2936464880541309
0.27885565805872625
0.26430163496373366
0.25000000358162283
0.2359660784574935
0.22221488746988052
0.20876115573852355
0.19561928985633875
0.18280336246248172
0.17032709717300884
0.15820385388528932
0.14644661447188934
0.13506796887925915
0.12408010164610403
0.113494778855873
0.10332333553734273
0.09357666352678665
0.08426519980472012
0.07539891531972441
0.0669873043113017
0.059039374143207674
0.051563635658140636
0.04456809406411674
0.038060240362294454
0.03204704332542147
0.026534942035499064
0.021529838988651507
0.017037093774585697
0.01306151733740775
0.009607366823943926
0.006678341025081064
0.004277576415008741
0.0024076437926040138
0.001070545528555579
0.00026771342117531185
7.1631925035190814e-9
0.00026771342117357116
0.0010705455285520303
0.002407643792598683
0.004277576415001629
0.006678341025072103
0.009607366823933091
0.013061517337395107
0.017037093774571136
0.021529838988635107
0.026534942035480825
0.0320470433254011
0.03806024036227246
0.04456809406409287
0.05156363565811466
0.05903937414318006
0.06698730431127232
0.07539891531969316
0.08426519980468718
0.09357666352675181
0.10332333553730619
0.11349477885583452
0.12408010164606355
0.1350679688792175
0.14644661447184526
0.15820385388524397
0.17032709717296204
0.1828033624624328
0.19561928985628857
0.20876115573847162
0.22221488746982798
0.23596607845743878
0.25000000358156715
0.2643016349636765
0.2788556580586678
0.2936464880540706
0.30865828655865796
0.32387497856258524
0.33928026965091845
0.35485766345209974
0.37059047930267514
0.38646187010936944
0.40245484038936974
0.4185522644695218
0.43473690482492156
0.4509914305372988
0.46729843585338654
0.4836404588234475
0.499999999999962
0.5163595411764772
0.5327015641465378
0.5490085694626264
0.5652630951750032
0.5814477355304042
0.5975451596105563
0.6135381298905576
0.6294095206972523
0.6451423365478276
0.6607197303490102
0.6761250214373441
0.6913417134412722
0.70635351194586
0.721144341941265
0.7356983650362571
0.7499999964183679
0.7640339215424972
0.7777851125301095
0.7912388442614674
0.8043807101436511
0.8171966375375083
0.8296729028269809
0.841796146114701
0.8535533855281012
0.8649320311207309
0.8759198983538867
0.8865052211441176
0.896676664462648
0.9064233364732044
0.9157348001952706
0.924601084680267
0.93301269568869
0.9409606258567843
0.9484363643418514
0.9554319059358759
0.9619397596376986
0.9679529566745723
0.9734650579644947
0.9784701610113431
0.9829629062254093
0.9869384826625877
0.9903926331760522
0.9933216589749155
0.9957224235849886
0.9975923562073937
0.9989294544714429
0.9997322865788241
0.9999999928368075
0.999732286578827
0.998929454471449
0.9975923562074033
0.995722423585001
0.9933216589749312
0.990392633176071
0.9869384826626096
0.9829629062254345
0.9784701610113711
0.9734650579645261
0.9679529566746066
0.961939759637736
0.9554319059359163
0.9484363643418952
0.9409606258568299
0.933012695688739
0.9246010846803185
0.9157348001953248
0.9064233364732613
0.8966766644627073
0.8865052211441797
0.8759198983539509
0.8649320311207981
0.85355338552817
0.8417961461147724
0.8296729028270543
0.8171966375375839
0.8043807101437281
0.7912388442615464
0.7777851125301908
0.7640339215425795
0.7499999964184524
0.735698365036343
0.7211443419413519
0.7063535119459494
0.6913417134413624
0.6761250214374351
0.6607197303491029
0.6451423365479216
0.6294095206973466
0.613538129890652
0.5975451596106524
0.5814477355305008
0.5652630951750999
0.5490085694627235
0.5327015641466359
0.5163595411765745
0.50000000000006
0.48364045882354517
0.46729843585348374
0.4509914305373958
0.4347369048250187
0.4185522644696173
0.4024548403894655
0.3864618701094645
0.37059047930277006
0.3548576634521926
0.33928026965101094
0.3238749785626764
0.30865828655874783
0.2936464880541602
0.2788556580587552
0.26430163496376213
0.2500000035816517
0.23596607845752196
0.22221488746990878
0.20876115573855153
0.19561928985636626
0.18280336246250894
0.17032709717303512
0.1582038538853153
0.14644661447191462
0.13506796887928396
0.12408010164612798
0.11349477885589616
0.10332333553736556
0.09357666352680874
0.08426519980474148
0.07539891531974446
0.06698730431132119
0.059039374143225944
0.05156363565815844
0.04456809406413202
0.03806024036231264
0.03204704332542712
0.026534942035534095
0.02152983898857847
0.017037093774820877
0.013061517337047229
0.009607366827945529
0.006678341024776623
0.004277576417739801
0.002407643481875894
0.001070544333483137
0.0002677106007192789
2.9194264313744813e-8
