-2.0
-1.9947916666666667
-1.9895833333333335
-1.9843750000000002
-1.979166666666667
-1.9739583333333337
-1.9687500000000004
-1.9635416666666672
-1.958333333333334
-1.9531250000000007
-1.9479166666666674
-1.9427083333333341
-1.9375000000000009
-1.9322916666666676
-1.9270833333333344
-1.921875000000001
-1.9166666666666679
-1.9114583333333346
-1.9062500000000013
-1.901041666666668
-1.8958333333333348
-1.8906250000000016
-1.8854166666666683
-1.880208333333335
-1.8750000000000018
-1.8697916666666685
-1.8645833333333353
-1.859375000000002
-1.8541666666666687
-1.8489583333333355
-1.8437500000000022
-1.838541666666669
-1.8333333333333357
-1.8281250000000024
-1.8229166666666692
-1.817708333333336
-1.8125000000000027
-1.8072916666666694
-1.8020833333333361
-1.7968750000000029
-1.7916666666666696
-1.7864583333333364
-1.781250000000003
-1.7760416666666698
-1.7708333333333366
-1.7656250000000033
-1.76041666666667
-1.7552083333333368
-1.7500000000000036
-1.7447916666666703
-1.739583333333337
-1.7343750000000038
-1.7291666666666705
-1.7239583333333373
-1.718750000000004
-1.7135416666666707
-1.7083333333333375
-1.7031250000000042
-1.697916666666671
-1.6927083333333377
-1.6875000000000044
-1.6822916666666712
-1.677083333333338
-1.6718750000000047
-1.6666666666666714
-1.6614583333333381
-1.6562500000000049
-1.6510416666666716
-1.6458333333333384
-1.640625000000005
-1.6354166666666718
-1.6302083333333386
-1.6250000000000053
-1.619791666666672
-1.6145833333333388
-1.6093750000000056
-1.6041666666666723
-1.598958333333339
-1.5937500000000058
-1.5885416666666725
-1.5833333333333393
-1.578125000000006
-1.5729166666666727
-1.5677083333333395
-1.5625000000000062
-1.557291666666673
-1.5520833333333397
-1.5468750000000064
-1.5416666666666732
-1.53645833333334
-1.5312500000000067
-1.5260416666666734
-1.5208333333333401
-1.5156250000000069
-1.5104166666666736
-1.5052083333333404
-1.500000000000007
-1.4947916666666738
-1.4895833333333406
-1.4843750000000073
-1.479166666666674
-1.4739583333333408
-1.4687500000000075
-1.4635416666666743
-1.458333333333341
-1.4531250000000078
-1.4479166666666745
-1.4427083333333413
-1.437500000000008
-1.4322916666666747
-1.4270833333333415
-1.4218750000000082
-1.416666666666675
-1.4114583333333417
-1.4062500000000084
-1.4010416666666752
-1.395833333333342
-1.3906250000000087
-1.3854166666666754
-1.3802083333333421
-1.3750000000000089
-1.3697916666666756
-1.3645833333333424
-1.359375000000009
-1.3541666666666758
-1.3489583333333426
-1.3437500000000093
-1.338541666666676
-1.3333333333333428
-1.3281250000000095
-1.3229166666666763
-1.317708333333343
-1.3125000000000098
-1.3072916666666765
-1.3020833333333433
-1.29687500000001
-1.2916666666666767
-1.2864583333333435
-1.2812500000000102
-1.276041666666677
-1.2708333333333437
-1.2656250000000104
-1.2604166666666772
-1.255208333333344
-1.2500000000000107
-1.2447916666666774
-1.2395833333333441
-1.2343750000000109
-1.2291666666666776
-1.2239583333333444
-1.218750000000011
-1.2135416666666778
-1.2083333333333446
-1.2031250000000113
-1.197916666666678
-1.1927083333333448
-1.1875000000000115
-1.1822916666666783
-1.177083333333345
-1.1718750000000118
-1.1666666666666785
-1.1614583333333452
-1.156250000000012
-1.1510416666666787
-1.1458333333333455
-1.1406250000000122
-1.135416666666679
-1.1302083333333457
-1.1250000000000124
-1.1197916666666792
-1.114583333333346
-1.1093750000000127
-1.1041666666666794
-1.0989583333333461
-1.0937500000000129
-1.0885416666666796
-1.0833333333333464
-1.078125000000013
-1.0729166666666798
-1.0677083333333466
-1.0625000000000133
-1.05729166666668
-1.0520833333333468
-1.0468750000000135
-1.0416666666666803
-1.036458333333347
-1.0312500000000138
-1.0260416666666805
-1.0208333333333472
-1.015625000000014
-1.0104166666666807
-1.0052083333333475
-1.0000000000000142
-0.9947916666666808
-0.9895833333333475
-0.9843750000000141
-0.9791666666666807
-0.9739583333333474
-0.968750000000014
-0.9635416666666806
-0.9583333333333472
-0.9531250000000139
-0.9479166666666805
-0.9427083333333471
-0.9375000000000138
-0.9322916666666804
-0.927083333333347
-0.9218750000000137
-0.9166666666666803
-0.9114583333333469
-0.9062500000000135
-0.9010416666666802
-0.8958333333333468
-0.8906250000000134
-0.8854166666666801
-0.8802083333333467
-0.8750000000000133
-0.86979166666668
-0.8645833333333466
-0.8593750000000132
-0.8541666666666798
-0.8489583333333465
-0.8437500000000131
-0.8385416666666797
-0.8333333333333464
-0.828125000000013
-0.8229166666666796
-0.8177083333333462
-0.8125000000000129
-0.8072916666666795
-0.8020833333333461
-0.7968750000000128
-0.7916666666666794
-0.786458333333346
-0.7812500000000127
-0.7760416666666793
-0.7708333333333459
-0.7656250000000125
-0.7604166666666792
-0.7552083333333458
-0.7500000000000124
-0.7447916666666791
-0.7395833333333457
-0.7343750000000123
-0.729166666666679
-0.7239583333333456
-0.7187500000000122
-0.7135416666666788
-0.7083333333333455
-0.7031250000000121
-0.6979166666666787
-0.6927083333333454
-0.687500000000012
-0.6822916666666786
-0.6770833333333452
-0.6718750000000119
-0.6666666666666785
-0.6614583333333451
-0.6562500000000118
-0.6510416666666784
-0.645833333333345
-0.6406250000000117
-0.6354166666666783
-0.6302083333333449
-0.6250000000000115
-0.6197916666666782
-0.6145833333333448
-0.6093750000000114
-0.6041666666666781
-0.5989583333333447
-0.5937500000000113
-0.588541666666678
-0.5833333333333446
-0.5781250000000112
-0.5729166666666778
-0.5677083333333445
-0.5625000000000111
-0.5572916666666777
-0.5520833333333444
-0.546875000000011
-0.5416666666666776
-0.5364583333333443
-0.5312500000000109
-0.5260416666666775
-0.5208333333333441
-0.5156250000000108
-0.5104166666666774
-0.505208333333344
-0.5000000000000107
-0.49479166666667734
-0.48958333333334403
-0.4843750000000107
-0.4791666666666774
-0.4739583333333441
-0.46875000000001077
-0.46354166666667745
-0.45833333333334414
-0.4531250000000108
-0.4479166666666775
-0.4427083333333442
-0.4375000000000109
-0.43229166666667757
-0.42708333333334425
-0.42187500000001094
-0.4166666666666776
-0.4114583333333443
-0.406250000000011
-0.4010416666666777
-0.39583333333334436
-0.39062500000001105
-0.38541666666667773
-0.3802083333333444
-0.3750000000000111
-0.3697916666666778
-0.3645833333333445
-0.35937500000001116
-0.35416666666667784
-0.34895833333334453
-0.3437500000000112
-0.3385416666666779
-0.3333333333333446
-0.32812500000001127
-0.32291666666667795
-0.31770833333334464
-0.3125000000000113
-0.307291666666678
-0.3020833333333447
-0.2968750000000114
-0.29166666666667806
-0.28645833333334475
-0.28125000000001144
-0.2760416666666781
-0.2708333333333448
-0.2656250000000115
-0.2604166666666782
-0.25520833333334486
-0.25000000000001155
-0.2447916666666782
-0.23958333333334486
-0.23437500000001152
-0.22916666666667818
-0.22395833333334483
-0.2187500000000115
-0.21354166666667815
-0.2083333333333448
-0.20312500000001146
-0.19791666666667812
-0.19270833333334478
-0.18750000000001144
-0.1822916666666781
-0.17708333333334475
-0.1718750000000114
-0.16666666666667806
-0.16145833333334472
-0.15625000000001138
-0.15104166666667804
-0.1458333333333447
-0.14062500000001135
-0.135416666666678
-0.13020833333334467
-0.12500000000001132
-0.119791666666678
-0.11458333333334467
-0.10937500000001134
-0.10416666666667801
-0.09895833333334468
-0.09375000000001135
-0.08854166666667802
-0.0833333333333447
-0.07812500000001137
-0.07291666666667804
-0.06770833333334471
-0.06250000000001138
-0.057291666666678044
-0.05208333333334471
-0.04687500000001137
-0.04166666666667804
-0.0364583333333447
-0.031250000000011366
-0.026041666666678034
-0.0208333333333447
-0.01562500000001137
-0.010416666666678037
-0.005208333333344704
-1.137111238502797e-14
0.005208333333321962
0.010416666666655295
0.015624999999988627
0.02083333333332196
0.02604166666665529
0.031249999999988624
0.036458333333321956
0.04166666666665529
0.04687499999998863
0.05208333333332196
0.0572916666666553
0.062499999999988634
0.06770833333332196
0.07291666666665529
0.07812499999998862
0.08333333333332195
0.08854166666665528
0.0937499999999886
0.09895833333332194
0.10416666666665526
0.10937499999998859
0.11458333333332192
0.11979166666665525
0.12499999999998858
0.1302083333333219
0.13541666666665525
0.1406249999999886
0.14583333333332194
0.15104166666665528
0.15624999999998862
0.16145833333332196
0.1666666666666553
0.17187499999998865
0.177083333333322
0.18229166666665533
0.18749999999998868
0.19270833333332202
0.19791666666665536
0.2031249999999887
0.20833333333332205
0.2135416666666554
0.21874999999998873
0.22395833333332207
0.22916666666665542
0.23437499999998876
0.2395833333333221
0.24479166666665544
0.2499999999999888
0.2552083333333221
0.2604166666666554
0.26562499999998873
0.27083333333332205
0.27604166666665536
0.2812499999999887
0.286458333333322
0.2916666666666553
0.2968749999999886
0.30208333333332194
0.30729166666665525
0.31249999999998856
0.3177083333333219
0.3229166666666552
0.3281249999999885
0.3333333333333218
0.33854166666665514
0.34374999999998845
0.34895833333332177
0.3541666666666551
0.3593749999999884
0.3645833333333217
0.36979166666665503
0.37499999999998834
0.38020833333332166
0.385416666666655
0.3906249999999883
0.3958333333333216
0.4010416666666549
0.40624999999998823
0.41145833333332155
0.41666666666665486
0.4218749999999882
0.4270833333333215
0.4322916666666548
0.4374999999999881
0.44270833333332144
0.44791666666665475
0.45312499999998807
0.4583333333333214
0.4635416666666547
0.468749999999988
0.4739583333333213
0.47916666666665464
0.48437499999998795
0.48958333333332127
0.4947916666666546
0.4999999999999879
0.5052083333333213
0.5104166666666546
0.515624999999988
0.5208333333333214
0.5260416666666548
0.5312499999999881
0.5364583333333215
0.5416666666666549
0.5468749999999882
0.5520833333333216
0.557291666666655
0.5624999999999883
0.5677083333333217
0.5729166666666551
0.5781249999999885
0.5833333333333218
0.5885416666666552
0.5937499999999886
0.5989583333333219
0.6041666666666553
0.6093749999999887
0.614583333333322
0.6197916666666554
0.6249999999999888
0.6302083333333222
0.6354166666666555
0.6406249999999889
0.6458333333333223
0.6510416666666556
0.656249999999989
0.6614583333333224
0.6666666666666557
0.6718749999999891
0.6770833333333225
0.6822916666666559
0.6874999999999892
0.6927083333333226
0.697916666666656
0.7031249999999893
0.7083333333333227
0.7135416666666561
0.7187499999999895
0.7239583333333228
0.7291666666666562
0.7343749999999896
0.7395833333333229
0.7447916666666563
0.7499999999999897
0.755208333333323
0.7604166666666564
0.7656249999999898
0.7708333333333232
0.7760416666666565
0.7812499999999899
0.7864583333333233
0.7916666666666566
0.79687499999999
0.8020833333333234
0.8072916666666567
0.8124999999999901
0.8177083333333235
0.8229166666666569
0.8281249999999902
0.8333333333333236
0.838541666666657
0.8437499999999903
0.8489583333333237
0.8541666666666571
0.8593749999999905
0.8645833333333238
0.8697916666666572
0.8749999999999906
0.8802083333333239
0.8854166666666573
0.8906249999999907
0.895833333333324
0.9010416666666574
0.9062499999999908
0.9114583333333242
0.9166666666666575
0.9218749999999909
0.9270833333333243
0.9322916666666576
0.937499999999991
0.9427083333333244
0.9479166666666577
0.9531249999999911
0.9583333333333245
0.9635416666666579
0.9687499999999912
0.9739583333333246
0.979166666666658
0.9843749999999913
0.9895833333333247
0.9947916666666581
0.9999999999999915
1.0052083333333248
1.010416666666658
1.0156249999999913
1.0208333333333246
1.0260416666666579
1.0312499999999911
1.0364583333333244
1.0416666666666576
1.046874999999991
1.0520833333333242
1.0572916666666574
1.0624999999999907
1.067708333333324
1.0729166666666572
1.0781249999999905
1.0833333333333237
1.088541666666657
1.0937499999999902
1.0989583333333235
1.1041666666666567
1.10937499999999
1.1145833333333233
1.1197916666666565
1.1249999999999898
1.130208333333323
1.1354166666666563
1.1406249999999896
1.1458333333333228
1.151041666666656
1.1562499999999893
1.1614583333333226
1.1666666666666559
1.1718749999999891
1.1770833333333224
1.1822916666666556
1.187499999999989
1.1927083333333222
1.1979166666666554
1.2031249999999887
1.208333333333322
1.2135416666666552
1.2187499999999885
1.2239583333333217
1.229166666666655
1.2343749999999882
1.2395833333333215
1.2447916666666548
1.249999999999988
1.2552083333333213
1.2604166666666545
1.2656249999999878
1.270833333333321
1.2760416666666543
1.2812499999999876
1.2864583333333208
1.291666666666654
1.2968749999999873
1.3020833333333206
1.3072916666666539
1.3124999999999871
1.3177083333333204
1.3229166666666536
1.328124999999987
1.3333333333333202
1.3385416666666534
1.3437499999999867
1.34895833333332
1.3541666666666532
1.3593749999999865
1.3645833333333197
1.369791666666653
1.3749999999999862
1.3802083333333195
1.3854166666666528
1.390624999999986
1.3958333333333193
1.4010416666666525
1.4062499999999858
1.411458333333319
1.4166666666666523
1.4218749999999856
1.4270833333333188
1.432291666666652
1.4374999999999853
1.4427083333333186
1.4479166666666519
1.4531249999999851
1.4583333333333184
1.4635416666666516
1.468749999999985
1.4739583333333182
1.4791666666666514
1.4843749999999847
1.489583333333318
1.4947916666666512
1.4999999999999845
1.5052083333333177
1.510416666666651
1.5156249999999842
1.5208333333333175
1.5260416666666508
1.531249999999984
1.5364583333333173
1.5416666666666505
1.5468749999999838
1.552083333333317
1.5572916666666503
1.5624999999999836
1.5677083333333168
1.57291666666665
1.5781249999999833
1.5833333333333166
1.5885416666666499
1.5937499999999831
1.5989583333333164
1.6041666666666496
1.609374999999983
1.6145833333333162
1.6197916666666494
1.6249999999999827
1.630208333333316
1.6354166666666492
1.6406249999999825
1.6458333333333157
1.651041666666649
1.6562499999999822
1.6614583333333155
1.6666666666666488
1.671874999999982
1.6770833333333153
1.6822916666666485
1.6874999999999818
1.692708333333315
1.6979166666666483
1.7031249999999816
1.7083333333333148
1.713541666666648
1.7187499999999813
1.7239583333333146
1.7291666666666479
1.7343749999999811
1.7395833333333144
1.7447916666666476
1.749999999999981
1.7552083333333142
1.7604166666666474
1.7656249999999807
1.770833333333314
1.7760416666666472
1.7812499999999805
1.7864583333333137
1.791666666666647
1.7968749999999802
1.8020833333333135
1.8072916666666468
1.81249999999998
1.8177083333333133
1.8229166666666465
1.8281249999999798
1.833333333333313
1.8385416666666463
1.8437499999999796
1.8489583333333128
1.854166666666646
1.8593749999999793
1.8645833333333126
1.8697916666666459
1.8749999999999791
1.8802083333333124
1.8854166666666456
1.890624999999979
1.8958333333333122
1.9010416666666454
1.9062499999999787
1.911458333333312
1.9166666666666452
1.9218749999999785
1.9270833333333117
1.932291666666645
1.9374999999999782
1.9427083333333115
1.9479166666666448
1.953124999999978
1.9583333333333113
1.9635416666666445
1.9687499999999778
1.973958333333311
1.9791666666666443
1.9843749999999776
1.9895833333333108
1.994791666666644
1.9999999999999774
