0.001567166383970565
0.0670580823827767
0.250098561901179
0.49998051017380896
0.7498030686185085
0.9326715295877148
0.9996059652643797
0.9326712518589426
0.7498028765758397
0.4999999961321165
0.2501971324648
0.06732873980936177
0.0003942634367690512
0.0673287401247394
0.2501971316738517
0.4999999999958434
0.7498028683402331
0.9326712598388578
0.9996057366778538
0.9326712598392749
0.7498028683388686
0.49999999999999634
0.25019713166115454
0.06732874016067453
0.0003942633223017391
0.06732874016067214
0.25019713166115054
0.49999999999999173
0.7498028683388644
0.9326712598392725
0.9996057366778536
0.9326712598388602
0.7498028683402369
0.4999999999958484
0.25019713167385577
0.06732874012474181
0.00039426343676906715
0.06732873980935926
0.2501971324647962
0.4999999961321115
0.7498028765758354
0.93267125185894
0.9996059652643798
0.9326715295877175
0.7498030686185131
0.4999805101738139
0.2500985619011825
0.06705808238277948
0.0015671663839701715
