-0.0064664552938471205
0.03208600805047172
0.1418741350182074
0.30618367851037026
0.5000000000000007
0.6938163214896299
0.8581258649817933
0.9679139919495277
1.0064664552938476
0.9679139919495275
0.8581258649817929
0.6938163214896299
0.4999999999999997
0.3061836785103706
0.14187413501820706
0.032086008050471855
-0.0064664552938472905
0.0320860080504719
0.1418741350182074
0.30618367851037054
0.5000000000000002
0.6938163214896295
0.8581258649817927
0.967913991949528
1.0064664552938472
0.9679139919495282
0.8581258649817927
0.6938163214896296
0.5
0.30618367851037015
0.14187413501820717
0.03208600805047188
-0.0064664552938472715
0.032086008050471876
0.14187413501820717
0.30618367851037015
0.5
0.6938163214896297
0.8581258649817926
0.967913991949528
1.0064664552938472
0.9679139919495282
0.8581258649817927
0.6938163214896296
0.5000000000000002
0.3061836785103706
0.1418741350182074
0.032086008050471904
-0.0064664552938472905
0.03208600805047185
0.14187413501820711
0.30618367851037054
0.49999999999999983
0.6938163214896299
0.8581258649817931
0.9679139919495277
1.0064664552938474
0.967913991949528
0.8581258649817932
0.6938163214896299
0.5000000000000007
0.30618367851037026
0.1418741350182074
0.03208600805047172
-0.006466455293847123
