4.5788246223872136e-14
9.412358698715848e-6
3.764908042780926e-5
8.470910208859466e-5
0.0001505906518978247
0.00023529124945295406
0.0003388077058246342
0.0004611361236765108
0.0006022718974128845
0.000762209713351597
0.0009409435499241531
0.0011384666779028416
0.001354771660653375
0.001589850354415467
0.0018436939086092
0.0021162927661681243
0.0024076366638994444
0.0027177146328700532
0.0030465149988195615
0.003394025382600183
0.003760232700642304
0.004145123165447325
0.004548682286107033
0.004970894868848308
0.005411745017606199
0.00587121613462189
0.006349290921067183
0.006845951377696968
0.007361178805525407
0.007894953806531413
0.008447256284387689
0.009018065445217969
0.009607359798380288
0.01021511715727517
0.010841314640181435
0.011485928671117867
0.012148934980730575
0.012830308607206886
0.013530023897214614
0.014248054506868585
0.014984373402722297
0.015738952862785635
0.0165117644775679
0.017302779151149226
0.01811196710227374
0.01893929786547291
0.01978474029221058
0.020648262552057504
0.021529832133888805
0.022429415847107687
0.023346979822895946
0.02428248951548858
0.025235909703474273
0.026207204491121988
0.027196337309731727
0.028203270919011977
0.029227967408481693
0.030270388198896984
0.03133049404370427
0.03240824503051802
0.03350360058262201
0.03461651946049955
0.03574695976338337
0.036894878930835255
0.03806023374434765
0.0392429803289698
0.04044307415496175
0.04166047003946942
0.04289512214822488
0.044146983997275416
0.04541600845472889
0.04670214774253221
0.04800535343826813
0.04932557647697882
0.05066276715301265
0.05201687512189695
0.05338784940223151
0.05477563837761008
0.056180189798562194
0.0576014507845199
0.05903936782581133
0.06049388678567216
0.06196495290228505
0.06345251079084341
0.06495650444563225
0.06647687724214169
0.0680135719391948
0.0695665306811041
0.07113569499985167
0.07272100581728709
0.07432240344735472
0.07593982759833884
0.07757321737513347
0.07922251128153766
0.08088764722256798
0.08256856250679659
0.0842651938487141
0.08597747737110843
0.08770534860747367
0.08944874250443396
0.09120759342419424
0.09298183514701176
0.0947714008736889
0.09657622322808616
0.09839623425966322
0.10023136544603278
0.10208154769554346
0.1039467113498793
0.10582678618668184
0.10772170142219743
0.10963138571393793
0.1115557671633685
0.11349477331861624
0.11544833117719461
0.1174163671887553
0.11939880725785329
0.12139557674674209
0.12340660047817766
0.1254318027382541
0.12747110727925065
0.1295244373225043
0.13159171556129862
0.13367286416377716
0.1357678047758706
0.13787645852425
0.1399987460192924
0.14213458735807363
0.14428390212737466
0.14644660940670942
0.14862262777137014
0.1508118752954966
0.15301426955515565
0.15522972763144915
0.1574581661136321
0.15969950110225545
0.16195364821232436
0.16422052257647296
0.16650003884816317
0.16879211120489565
0.17109665335144245
0.17341357852309333
0.1757427994889256
0.17808422855508552
0.18043777756809373
0.18280335791815894
0.18518088054251783
0.1875702559287882
0.18997139411833638
0.1923842047096675
0.19480859686182622
0.19724447929781805
0.1996917603080462
0.2021503477537639
0.20462014907054316
0.20710107127176086
0.20959302095209814
0.21209590429105737
0.21460962705649642
0.2171340946081736
0.2196692119013116
0.22221488349017884
0.22477101353167755
0.22733750578895645
0.22991426363503303
0.23250119005643086
0.23509818765683213
0.23770515866074504
0.2403220049171844
0.24294862790336846
0.245584928728426
0.24823080813711998
0.2508861665135878
0.2535509038850867
0.25622491992576085
0.2589081139604177
0.2616003849683173
0.26430163158697967
0.2670117521159954
0.26973064452085843
0.27245820643680646
0.2751943351726747
0.27793892771476364
0.2806918807307141
0.2834530905734021
0.2862224532848367
0.2889998646000785
0.2917852199511589
0.29457841447102573
0.29737934299748275
0.30018790007715435
0.3030039799694535
0.3058274766505644
0.30865828381743243
0.3114962948917682
0.31434140302405855
0.3171935010975904
0.3200524817324831
0.3229182372897321
0.32579065987525974
0.3286696413439801
0.3315550733038665
0.3344468471200391
0.33734485391884594
0.34024898459196895
0.343159129800531
0.34607517997920934
0.34899702534036264
0.3519245558781649
0.35485766137274527
0.35779623139434086
0.3607401553074503
0.3636893222750019
0.3666436212625271
0.36960294104233893
0.37256717019771907
0.3755361971271161
0.3785099100483442
0.3814881970027927
0.38447094585964053
0.38745804432007996
0.3904493799215408
0.3934448400419305
0.39644431190386686
0.39944768257893015
0.4024548389919119
0.4054656679250729
0.40848005602240567
0.4114978897939015
0.4145190556198252
0.41754343975499114
0.42057092833304527
0.42360140737075386
0.42663476277229506
0.42967088033355116
0.43270964574641246
0.43575094460307967
0.4387946624003672
0.4418406845440237
0.4448888963530342
0.44793918306394837
0.4509914298351952
0.45404552175140916
0.4571013438277559
0.4601587810142607
0.46321771820014157
0.46627804021814384
0.4693396318488714
0.47240237782513034
0.4754661628362665
0.4785308715325055
0.481596388529296
0.4846625984116576
0.48772938573851926
0.49079663504707316
0.4938642308571158
0.49693205767539805
0.49999999999997535
0.5030679423245529
0.5061357691428356
0.509203364952878
0.5122706142614315
0.5153374015882936
0.5184036114706551
0.5214691284674454
0.5245338371636845
0.5275976221748206
0.5306603681510798
0.5337219597818075
0.5367822817998095
0.5398412189856902
0.5428986561721953
0.5459544782485418
0.5490085701647562
0.5520608169360028
0.5551111036469171
0.5581593154559278
0.5612053375995834
0.5642490553968723
0.5672903542535389
0.5703291196664011
0.5733652372276561
0.5763985926291973
0.5794290716669067
0.5824565602449605
0.5854809443801265
0.5885021102060498
0.5915199439775466
0.594534332074879
0.59754516100804
0.6005523174210217
0.6035556880960857
0.6065551599580217
0.6095506200784105
0.6125419556798726
0.6155290541403118
0.61851180299716
0.621490089951608
0.624463802872836
0.6274328298022338
0.6303970589576139
0.6333563787374253
0.6363106777249511
0.6392598446925029
0.6422037686056122
0.6451423386272079
0.648075444121788
0.6510029746595908
0.6539248200207441
0.6568408701994224
0.6597510154079844
0.6626551460811082
0.6655531528799149
0.668444926696087
0.671330358655974
0.6742093401246946
0.6770817627102227
0.679947518267471
0.6828064989023641
0.6856585969758956
0.6885037051081864
0.6913417161825224
0.6941725233493906
0.6969960200305017
0.699812099922801
0.7026206570024724
0.7054215855289293
0.7082147800487965
0.7110001353998777
0.7137775467151188
0.7165469094265537
0.7193081192692419
0.722061072285193
0.7248056648272813
0.7275417935631497
0.7302693554790982
0.7329882478839614
0.7356983684129774
0.7383996150316394
0.7410918860395399
0.7437750800741966
0.7464490961148702
0.7491138334863695
0.7517691918628376
0.7544150712715324
0.7570513720965892
0.7596779950827738
0.7622948413392133
0.7649018123431266
0.7674988099435281
0.7700857363649256
0.7726624942110026
0.7752289864682816
0.7777851165097804
0.7803307880986475
0.7828659053917862
0.7853903729434637
0.787904095708903
0.7904069790478621
0.7928989287281993
0.7953798509294175
0.7978496522461966
0.800308239691915
0.802755520702143
0.8051914031381352
0.8076157952902939
0.8100286058816255
0.8124297440711739
0.8148191194574446
0.8171966420818038
0.8195622224318686
0.8219157714448768
0.8242572005110373
0.8265864214768698
0.8289033466485207
0.831207888795067
0.8334999611518005
0.8357794774234906
0.8380463517876395
0.8403004988977085
0.8425418338863321
0.8447702723685155
0.8469857304448093
0.8491881247044685
0.8513773722285953
0.8535533905932565
0.8557160978725907
0.857865412641892
0.8600012539806736
0.8621235414757163
0.8642321952240959
0.8663271358361894
0.8684082844386685
0.8704755626774626
0.8725288927207163
0.8745681972617133
0.8765933995217903
0.8786044232532262
0.8806011927421149
0.8825836328112133
0.8845516688227743
0.8865052266813531
0.8884442328366005
0.8903686142860315
0.8922782985777725
0.8941732138132877
0.8960532886500912
0.897918452304427
0.8997686345539381
0.9016037657403078
0.903423776771885
0.9052285991262827
0.90701816485296
0.9087924065757775
0.910551257495538
0.9122946513924989
0.9140225226288639
0.9157348061512587
0.9174314374931762
0.9191123527774056
0.920777488718436
0.92242678262484
0.9240601724016353
0.9256775965526192
0.9272789941826871
0.9288643050001235
0.9304334693188712
0.9319864280607807
0.9335231227578338
0.9350434955543433
0.9365474892091327
0.9380350470976911
0.9395061132143047
0.940960632174166
0.9423985492154573
0.9438198102014153
0.9452243616223677
0.9466121505977466
0.9479831248780816
0.9493372328469658
0.9506744235230002
0.951994646561711
0.9532978522574471
0.9545839915452511
0.9558530160027048
0.9571048778517552
0.9583395299605112
0.9595569258450188
0.9607570196710112
0.9619397662556335
0.9631051210691463
0.9642530402365985
0.9653834805394825
0.9664963994173601
0.9675917549694647
0.9686695059562788
0.9697296118010865
0.970772032591502
0.9717967290809716
0.9728036626902522
0.9737927955088626
0.9747640902965103
0.9757175104844963
0.9766530201770893
0.9775705841528779
0.9784701678660971
0.9793517374479286
0.9802152597077759
0.9810607021345138
0.9818880328977132
0.9826972208488381
0.9834882355224195
0.9842610471372024
0.985015626597266
0.98575194549312
0.9864699761027744
0.9871696913927822
0.9878510650192588
0.9885140713288715
0.9891586853598082
0.9897848828427145
0.9903926402016101
0.9909819345547726
0.9915527437156031
0.9921050461934601
0.9926388211944663
0.993154048622295
0.9936507090789253
0.994128783865371
0.9945882549823863
0.9950291051311448
0.9954513177138866
0.9958548768345465
0.9962397672993518
0.9966059746173944
0.9969534850011751
0.9972822853671254
0.9975923633360959
0.9978837072338274
0.998156306091387
0.9984101496455806
0.9986452283393431
0.9988615333220939
0.9990590564500729
0.9992377902866458
0.9993977281025846
0.9995388638763215
0.9996611922941735
0.9997647087505458
0.9998494093481016
0.9999152908979113
0.9999623509195715
0.9999905876413003
0.9999999999999998
0.9999905876413008
0.9999623509195724
0.999915290897912
0.9998494093481026
0.9997647087505472
0.9996611922941754
0.9995388638763232
0.9993977281025872
0.9992377902866486
0.999059056450076
0.998861533322097
0.9986452283393462
0.9984101496455846
0.9981563060913914
0.9978837072338319
0.9975923633361004
0.9972822853671298
0.9969534850011803
0.9966059746174001
0.996239767299358
0.9958548768345529
0.9954513177138935
0.9950291051311516
0.9945882549823941
0.9941287838653781
0.9936507090789332
0.993154048622303
0.9926388211944747
0.9921050461934686
0.9915527437156123
0.9909819345547818
0.9903926402016197
0.9897848828427249
0.9891586853598184
0.9885140713288824
0.9878510650192692
0.9871696913927933
0.9864699761027854
0.9857519454931317
0.9850156265972779
0.9842610471372143
0.983488235522432
0.9826972208488512
0.9818880328977265
0.9810607021345272
0.9802152597077894
0.9793517374479426
0.9784701678661111
0.9775705841528928
0.9766530201771043
0.9757175104845116
0.9747640902965258
0.9737927955088782
0.9728036626902685
0.971796729080988
0.9707720325915183
0.9697296118011034
0.9686695059562959
0.967591754969482
0.9664963994173779
0.9653834805395007
0.9642530402366167
0.9631051210691648
0.9619397662556525
0.9607570196710303
0.9595569258450382
0.9583395299605307
0.9571048778517752
0.9558530160027247
0.9545839915452713
0.9532978522574675
0.951994646561732
0.9506744235230216
0.9493372328469877
0.9479831248781032
0.9466121505977686
0.94522436162239
0.943819810201438
0.9423985492154804
0.940960632174189
0.9395061132143283
0.9380350470977149
0.9365474892091568
0.9350434955543675
0.9335231227578585
0.9319864280608058
0.930433469318896
0.9288643050001487
0.927278994182713
0.9256775965526449
0.9240601724016615
0.9224267826248667
0.9207774887184628
0.9191123527774322
0.9174314374932034
0.915734806151286
0.9140225226288915
0.9122946513925266
0.9105512574955663
0.9087924065758058
0.9070181648529886
0.9052285991263116
0.903423776771914
0.9016037657403371
0.8997686345539672
0.8979184523044565
0.8960532886501213
0.894173213813318
0.8922782985778029
0.8903686142860623
0.8884442328366315
0.8865052266813841
0.8845516688228057
0.8825836328112451
0.8806011927421467
0.8786044232532582
0.8765933995218221
0.8745681972617458
0.8725288927207491
0.8704755626774957
0.8684082844387018
0.8663271358362226
0.8642321952241294
0.8621235414757502
0.8600012539807075
0.8578654126419262
0.8557160978726255
0.8535533905932909
0.8513773722286302
0.849188124704504
0.8469857304448443
0.8447702723685513
0.8425418338863677
0.8403004988977443
0.8380463517876758
0.8357794774235272
0.833499961151837
0.831207888795104
0.8289033466485576
0.8265864214769071
0.8242572005110752
0.8219157714449145
0.8195622224319065
0.8171966420818415
0.8148191194574829
0.812429744071212
0.8100286058816634
0.8076157952903327
0.8051914031381745
0.8027555207021823
0.8003082396919541
0.7978496522462364
0.7953798509294567
0.7928989287282393
0.7904069790479022
0.7879040957089425
0.7853903729435041
0.7828659053918264
0.7803307880986884
0.7777851165098215
0.7752289864683228
0.7726624942110436
0.770085736364967
0.7674988099435698
0.7649018123431681
0.7622948413392551
0.7596779950828157
0.7570513720966321
0.7544150712715747
0.75176919186288
0.7491138334864118
0.7464490961149134
0.7437750800742398
0.7410918860395828
0.7383996150316826
0.7356983684130205
0.732988247884005
0.7302693554791423
0.727541793563194
0.7248056648273249
0.722061072285237
0.7193081192692863
0.7165469094265982
0.7137775467151635
0.7110001353999225
0.7082147800488409
0.7054215855289745
0.7026206570025175
0.6998120999228462
0.696996020030547
0.6941725233494358
0.6913417161825673
0.6885037051082319
0.6856585969759419
0.6828064989024099
0.6799475182675171
0.677081762710268
0.6742093401247405
0.67133035865602
0.6684449266961334
0.6655531528799618
0.6626551460811547
0.6597510154080313
0.6568408701994691
0.6539248200207908
0.6510029746596379
0.6480754441218354
0.6451423386272551
0.6422037686056599
0.6392598446925503
0.6363106777249982
0.633356378737473
0.6303970589576615
0.6274328298022814
0.6244638028728838
0.6214900899516554
0.6185118029972075
0.61552905414036
0.6125419556799204
0.609550620078459
0.6065551599580697
0.6035556880961336
0.6005523174210698
0.5975451610080884
0.5945343320749275
0.5915199439775951
0.5885021102060984
0.5854809443801751
0.5824565602450095
0.5794290716669553
0.5763985926292461
0.5733652372277053
0.5703291196664492
0.5672903542535875
0.564249055396921
0.5612053375996326
0.5581593154559767
0.5551111036469664
0.5520608169360518
0.5490085701648046
0.5459544782485909
0.5428986561722448
0.5398412189857397
0.5367822817998583
0.5337219597818567
0.5306603681511293
0.5275976221748696
0.5245338371637338
0.5214691284674953
0.5184036114707044
0.5153374015883427
0.5122706142614806
0.5092033649529271
0.5061357691428849
0.5030679423246021
0.5000000000000251
0.4969320576754476
0.49386423085716463
0.4907966350471225
0.4877293857385687
0.4846625984117068
0.48159638852934555
0.47853087153255436
0.4754661628363157
0.4724023778251799
0.4693396318489203
0.4662780402181931
0.46321771820019086
0.4601587810143101
0.4571013438278047
0.4540455217514586
0.4509914298352445
0.44793918306399727
0.4448888963530831
0.4418406845440724
0.4387946624004164
0.4357509446031281
0.4327096457464618
0.4296708803336
0.42663476277234347
0.4236014073708027
0.42057092833309373
0.41754343975503994
0.4145190556198736
0.4114978897939504
0.40848005602245374
0.40546566792512156
0.4024548389919603
0.3994476825789785
0.3964443119039154
0.3934448400419787
0.39044937992158907
0.3874580443201276
0.38447094585968866
0.3814881970028405
0.37850991004839224
0.3755361971271641
0.3725671701977668
0.3696029410423866
0.3666436212625747
0.3636893222750494
0.36074015530749737
0.35779623139438804
0.3548576613727928
0.3519245558782119
0.3489970253404097
0.34607517997925613
0.34315912980057794
0.3402489845920155
0.33734485391889213
0.33444684712008543
0.3315550733039132
0.32866964134402643
0.32579065987530603
0.32291823728977836
0.3200524817325291
0.3171935010976361
0.3143414030241044
0.3114962948918142
0.30865828381747806
0.30582747665060966
0.3030039799694988
0.3001879000771996
0.2973793429975277
0.29457841447107064
0.29178521995120427
0.2889998646001227
0.2862224532848812
0.2834530905734464
0.28069188073075857
0.2779389277148078
0.2751943351727188
0.2724582064368503
0.2697306445209022
0.2670117521160388
0.26430163158702324
0.261600384968361
0.2589081139604607
0.256224919925804
0.2535509038851296
0.2508861665136308
0.2482308081371626
0.2455849287284681
0.24294862790341074
0.24032200491722672
0.2377051586607869
0.2350981876568741
0.2325011900564728
0.22991426363507478
0.22733750578899758
0.2247710135317185
0.22221488349021995
0.2196692119013526
0.21713409460821406
0.21460962705653702
0.21209590429109798
0.20959302095213792
0.20710107127180075
0.2046201490705832
0.20215034775380364
0.19969176030808558
0.19724447929785718
0.19480859686186514
0.19238420470970655
0.18997139411837502
0.18757025592882648
0.1851808805425562
0.1828033579181966
0.18043777756813129
0.17808422855512343
0.17574279948896307
0.17341357852313077
0.17109665335147947
0.16879211120493293
0.16650003884820003
0.16422052257650951
0.16195364821236047
0.15969950110229175
0.15745816611366795
0.15522972763148468
0.15301426955519118
0.15081187529553156
0.14862262777140528
0.1464466094067442
0.14428390212740927
0.14213458735810824
0.13999874601932674
0.1378764585242841
0.13576780477590453
0.1336728641638107
0.13159171556133192
0.12952443732253746
0.1274711072792838
0.125431802738287
0.12340660047821053
0.12139557674677423
0.11939880725788532
0.1174163671887866
0.11544833117722622
0.11349477331864774
0.11155576716339956
0.10963138571396853
0.10772170142222806
0.10582678618671247
0.103946711349909
0.10208154769557348
0.10023136544606259
0.0983962342596926
0.09657622322811518
0.09477140087371733
0.0929818351470406
0.0912075934242226
0.08944874250446201
0.08770534860750155
0.08597747737113645
0.08426519384874172
0.08256856250682379
0.08088764722259477
0.07922251128156436
0.07757321737515996
0.07593982759836464
0.07432240344738074
0.072721005817313
0.07113569499987708
0.06956653068112921
0.0680135719392193
0.0664768772421663
0.06495650444565684
0.06345251079086742
0.06196495290230894
0.060493886785695464
0.05903936782583446
0.05760145078454307
0.05618018979858467
0.05477563837763261
0.05338784940225386
0.05201687512191889
0.050662767153034194
0.04932557647700008
0.04800535343828915
0.04670214774255321
0.045416008454749385
0.0441469839972956
0.042895122148245084
0.04166047003948877
0.040443074154981065
0.03924298032898887
0.03806023374436642
0.036894878930853914
0.035746959763401615
0.03461651946051752
0.033503600582639785
0.03240824503053533
0.0313304940437214
0.030270388198913836
0.029227967408498198
0.028203270919028387
0.0271963373097477
0.026207204491137576
0.02523590970348978
0.024282489515503738
0.023346979822910785
0.02242941584712221
0.02152983213390317
0.020648262552071625
0.019784740292224278
0.018939297865486187
0.018111967102286925
0.017302779151162052
0.016511764477580456
0.01573895286279784
0.014984373402734348
0.014248054506880306
0.013530023897225917
0.01283030860721796
0.012148934980741424
0.011485928671128501
0.010841314640191578
0.010215117157285021
0.009607359798389923
0.009018065445227322
0.008447256284396631
0.007894953806540149
0.007361178805533899
0.00684595137770508
0.006349290921075029
0.0058712161346293635
0.005411745017613456
0.0049708948688552135
0.004548682286113595
0.004145123165453693
0.003760232700648314
0.0033940253826059306
0.0030465149988250185
0.002717714632875152
0.0024076366639042353
0.002116292766172663
0.0018436939086133879
0.0015898503544194025
0.001354771660656998
0.0011384666779061655
0.0009409435499271985
0.0007622097133542619
0.0006022718974153177
0.0004611361236786669
0.0003388077058264441
0.00023529124945445521
0.0001505906518987777
8.470910208903122e-5
3.7649080428314614e-5
9.412358699862833e-6
2.8170101078183377e-16
9.412358699557911e-6
3.764908042770643e-5
8.470910208811311e-5
0.00015059065189755835
0.00023529124945293535
0.0003388077058246145
0.00046113612367653024
0.0006022718974128588
0.0007622097133515273
0.0009409435499241312
0.001138466677902782
0.0013547716606533498
0.0015898503544154363
0.001843693908609111
0.0021162927661681
0.0024076366638993802
0.002717714632869954
0.003046514998819502
0.0033940253826001206
0.0037602327006422205
0.004145123165447318
0.0045486822861068804
0.004970894868848231
0.005411745017606121
0.0058712161346217056
0.006349290921067132
0.006845951377696859
0.007361178805525402
0.00789495380653133
0.008447256284387522
0.009018065445217938
0.009607359798380209
0.010215117157275005
0.010841314640181244
0.011485928671117845
0.012148934980730565
0.012830308607206726
0.01353002389721438
0.014248054506868535
0.014984373402722271
0.015738952862785455
0.016511764477567806
0.017302779151149146
0.01811196710227369
0.018939297865472656
0.01978474029221036
0.020648262552057456
0.021529832133888645
0.02242941584710749
0.023346979822895794
0.02428248951548845
0.02523590970347408
0.02620720449112169
0.0271963373097315
0.028203270919011866
0.02922796740848153
0.030270388198896724
0.03133049404370415
0.032408245030517646
0.03350360058262181
0.034616519460499276
0.03574695976338324
0.03689487893083515
0.03806023374434742
0.03924298032896964
0.04044307415496153
0.04166047003946896
0.042895122148224905
0.04414698399727508
0.04541600845472866
0.04670214774253207
0.04800535343826803
0.04932557647697846
0.05066276715301235
0.05201687512189668
0.05338784940223143
0.05477563837760995
0.05618018979856181
0.05760145078451977
0.05903936782581098
0.0604938867856716
0.06196495290228497
0.06345251079084303
0.06495650444563232
0.06647687724214144
0.06801357193919436
0.06956653068110387
0.07113569499985131
0.07272100581728706
0.0743224034473545
0.07593982759833835
0.07757321737513326
0.07922251128153752
0.08088764722256757
0.08256856250679648
0.08426519384871368
0.08597747737110847
0.08770534860747335
0.08944874250443365
0.09120759342419389
0.09298183514701154
0.09477140087368816
0.09657622322808582
0.09839623425966285
0.10023136544603274
0.10208154769554326
0.10394671134987878
0.10582678618668181
0.1077217014221971
0.1096313857139373
0.11155576716336833
0.11349477331861584
0.11544833117719447
0.11741636718875469
0.11939880725785307
0.12139557674674165
0.12340660047817759
0.12543180273825397
0.12747110727925065
0.1295244373225038
0.13159171556129837
0.13367286416377672
0.13576780477587055
0.13787645852424946
0.139998746019292
0.14213458735807347
0.14428390212737444
0.14644660940670864
0.1486226277713699
0.1508118752954959
0.15301426955515532
0.1552297276314487
0.15745816611363195
0.15969950110225536
0.16195364821232386
0.1642205225764724
0.16650003884816283
0.1687921112048956
0.17109665335144209
0.1734135785230929
0.17574279948892502
0.17808422855508527
0.1804377775680931
0.18280335791815813
0.18518088054251738
0.1875702559287874
0.189971394118336
0.19238420470966694
0.19480859686182578
0.19724447929781747
0.19969176030804586
0.20215034775376353
0.2046201490705429
0.2071010712717605
0.20959302095209764
0.2120959042910571
0.214609627056496
0.21713409460817304
0.21966921190131153
0.22221488349017826
0.22477101353167694
0.22733750578895587
0.2299142636350328
0.2325011900564304
0.23509818765683171
0.2377051586607444
0.24032200491718425
0.24294862790336805
0.24558492872842522
0.24823080813711976
0.2508861665135875
0.2535509038850863
0.2562249199257603
0.25890811396041696
0.2616003849683171
0.2643016315869795
0.26701175211599487
0.2697306445208581
0.2724582064368061
0.2751943351726745
0.2779389277147631
0.28069188073071394
0.28345309057340146
0.28622245328483664
0.28899986460007776
0.2917852199511587
0.29457841447102534
0.2973793429974823
0.3001879000771538
0.3030039799694532
0.30582747665056403
0.30865828381743216
0.3114962948917677
0.3143414030240581
0.3171935010975897
0.32005248173248274
0.32291823728973157
0.3257906598752594
0.32866964134397936
0.33155507330386647
0.33444684712003825
0.3373448539188449
0.34024898459196856
0.34315912980053065
0.3460751799792089
0.3489970253403623
0.3519245558781643
0.35485766137274505
0.35779623139434014
0.3607401553074495
0.36368932227500167
0.36664362126252686
0.3696029410423383
0.3725671701977187
0.37553619712711567
0.378509910048344
0.3814881970027922
0.3844709458596404
0.3874580443200793
0.3904493799215407
0.39344484004193
0.39644431190386653
0.39944768257892965
0.4024548389919116
0.40546566792507227
0.40848005602240484
0.411497889793901
0.41451905561982494
0.4175434397549906
0.4205709283330447
0.4236014073707538
0.42663476277229434
0.4296708803335508
0.4327096457464123
0.43575094460307856
0.43879466240036735
0.44184068454402287
0.4448888963530337
0.4479391830639477
0.4509914298351951
0.45404552175140855
0.4571013438277552
0.46015878101426005
0.46321771820014135
0.466278040218143
0.4693396318488709
0.4724023778251302
0.475466162836266
0.4785308715325047
0.4815963885292955
0.4846625984116569
0.4877293857385188
0.4907966350470725
0.49386423085711517
0.4969320576753977
0.49999999999997485
0.5030679423245523
0.506135769142835
0.5092033649528775
0.5122706142614312
0.5153374015882932
0.5184036114706543
0.5214691284674454
0.5245338371636838
0.5275976221748201
0.5306603681510794
0.533721959781807
0.5367822817998085
0.5398412189856902
0.542898656172195
0.5459544782485416
0.5490085701647552
0.5520608169360024
0.5551111036469163
0.5581593154559275
0.5612053375995831
0.5642490553968718
0.5672903542535384
0.5703291196664
0.5733652372276559
0.5763985926291971
0.5794290716669059
0.5824565602449602
0.5854809443801259
0.5885021102060498
0.5915199439775456
0.5945343320748787
0.5975451610080393
0.6005523174210213
0.6035556880960847
0.6065551599580212
0.6095506200784103
0.612541955679872
0.615529054140311
0.6185118029971592
0.6214900899516075
0.6244638028728356
0.6274328298022328
0.6303970589576137
0.6333563787374248
0.6363106777249503
0.6392598446925024
0.6422037686056116
0.6451423386272069
0.6480754441217879
0.6510029746595901
0.6539248200207437
0.656840870199422
0.659751015407984
0.6626551460811078
0.6655531528799145
0.6684449266960861
0.6713303586559738
0.6742093401246937
0.6770817627102218
0.6799475182674706
0.6828064989023638
0.6856585969758954
0.6885037051081861
0.6913417161825217
0.69417252334939
0.6969960200305007
0.6998120999228004
0.702620657002472
0.7054215855289291
0.7082147800487956
0.7110001353998773
0.7137775467151182
0.7165469094265532
0.7193081192692411
0.7220610722851921
0.7248056648272807
0.7275417935631496
0.7302693554790974
0.7329882478839609
0.7356983684129765
0.738399615031639
0.7410918860395392
0.7437750800741961
0.7464490961148701
0.7491138334863693
0.7517691918628371
0.7544150712715316
0.757051372096589
0.7596779950827732
0.762294841339213
0.7649018123431259
0.7674988099435271
0.770085736364925
0.7726624942110021
0.7752289864682814
0.7777851165097802
0.780330788098647
0.7828659053917859
0.785390372943463
0.7879040957089022
0.7904069790478616
0.7928989287281988
0.7953798509294165
0.7978496522461964
0.8003082396919142
0.8027555207021426
0.8051914031381345
0.8076157952902935
0.810028605881625
0.8124297440711735
0.8148191194574436
0.8171966420818032
0.8195622224318682
0.8219157714448762
0.8242572005110369
0.8265864214768692
0.8289033466485202
0.8312078887950668
0.8334999611517998
0.8357794774234903
0.8380463517876392
0.8403004988977081
0.8425418338863316
0.8447702723685153
0.846985730444809
0.8491881247044684
0.8513773722285946
0.8535533905932559
0.8557160978725903
0.8578654126418916
0.8600012539806735
0.8621235414757156
0.8642321952240952
0.8663271358361891
0.8684082844386678
0.8704755626774625
0.8725288927207159
0.8745681972617126
0.8765933995217896
0.8786044232532257
0.8806011927421145
0.8825836328112134
0.8845516688227735
0.8865052266813523
0.8884442328366005
0.8903686142860314
0.8922782985777722
0.8941732138132877
0.8960532886500904
0.8979184523044262
0.8997686345539374
0.9016037657403073
0.9034237767718849
0.9052285991262826
0.9070181648529593
0.9087924065757769
0.9105512574955377
0.9122946513924985
0.9140225226288637
0.9157348061512586
0.9174314374931758
0.9191123527774051
0.9207774887184353
0.9224267826248399
0.9240601724016352
0.9256775965526193
0.927278994182687
0.9288643050001227
0.9304334693188707
0.9319864280607805
0.9335231227578336
0.935043495554343
0.9365474892091326
0.9380350470976907
0.9395061132143046
0.9409606321741654
0.9423985492154571
0.9438198102014155
0.9452243616223674
0.9466121505977461
0.9479831248780811
0.9493372328469656
0.9506744235229999
0.9519946465617107
0.9532978522574465
0.9545839915452504
0.9558530160027046
0.957104877851755
0.9583395299605114
0.9595569258450188
0.9607570196710111
0.9619397662556333
0.963105121069146
0.9642530402365983
0.9653834805394825
0.9664963994173601
0.9675917549694646
0.9686695059562781
0.9697296118010863
0.9707720325915018
0.9717967290809714
0.9728036626902524
0.9737927955088626
0.97476409029651
0.9757175104844962
0.9766530201770893
0.9775705841528779
0.9784701678660973
0.9793517374479284
0.9802152597077755
0.9810607021345138
0.9818880328977132
0.9826972208488379
0.9834882355224195
0.9842610471372022
0.9850156265972656
0.9857519454931197
0.986469976102774
0.987169691392782
0.9878510650192587
0.9885140713288715
0.989158685359808
0.9897848828427147
0.9903926402016101
0.9909819345547723
0.9915527437156033
0.9921050461934601
0.9926388211944661
0.993154048622295
0.9936507090789253
0.994128783865371
0.9945882549823863
0.9950291051311448
0.9954513177138862
0.9958548768345465
0.9962397672993518
0.9966059746173944
0.9969534850011751
0.9972822853671252
0.9975923633360958
0.9978837072338274
0.998156306091387
0.9984101496455806
0.9986452283393433
0.9988615333220939
0.9990590564500726
0.9992377902866458
0.9993977281025846
0.9995388638763215
0.9996611922941737
0.9997647087505458
0.9998494093481014
0.9999152908979113
0.9999623509195718
0.9999905876413003
1.0
0.9999905876413008
0.9999623509195722
0.999915290897912
0.9998494093481026
0.9997647087505472
0.9996611922941754
0.9995388638763234
0.999397728102587
0.9992377902866488
0.999059056450076
0.998861533322097
0.9986452283393469
0.9984101496455848
0.9981563060913912
0.9978837072338319
0.9975923633361006
0.9972822853671298
0.9969534850011808
0.9966059746174003
0.9962397672993578
0.9958548768345531
0.9954513177138935
0.995029105131152
0.9945882549823942
0.9941287838653783
0.9936507090789327
0.993154048622303
0.9926388211944747
0.9921050461934688
0.9915527437156125
0.9909819345547822
0.9903926402016194
0.9897848828427251
0.9891586853598187
0.9885140713288824
0.9878510650192696
0.9871696913927934
0.9864699761027854
0.9857519454931318
0.9850156265972781
0.9842610471372145
0.9834882355224325
0.9826972208488512
0.9818880328977265
0.9810607021345275
0.9802152597077894
0.9793517374479428
0.9784701678661115
0.9775705841528929
0.9766530201771043
0.9757175104845119
0.9747640902965258
0.9737927955088784
0.9728036626902687
0.9717967290809882
0.9707720325915183
0.9697296118011032
0.9686695059562961
0.9675917549694827
0.9664963994173782
0.965383480539501
0.9642530402366167
0.963105121069165
0.9619397662556527
0.9607570196710304
0.9595569258450384
0.958339529960531
0.9571048778517752
0.9558530160027251
0.9545839915452715
0.953297852257468
0.9519946465617323
0.9506744235230216
0.9493372328469877
0.9479831248781034
0.9466121505977686
0.9452243616223904
0.9438198102014386
0.9423985492154806
0.9409606321741895
0.9395061132143288
0.9380350470977152
0.9365474892091572
0.9350434955543679
0.933523122757859
0.9319864280608058
0.9304334693188964
0.9288643050001489
0.9272789941827131
0.9256775965526456
0.9240601724016618
0.9224267826248668
0.9207774887184628
0.9191123527774328
0.9174314374932037
0.9157348061512867
0.9140225226288919
0.9122946513925267
0.9105512574955666
0.9087924065758063
0.9070181648529888
0.9052285991263122
0.9034237767719145
0.9016037657403372
0.8997686345539676
0.8979184523044569
0.8960532886501213
0.8941732138133185
0.892278298577803
0.8903686142860625
0.8884442328366318
0.8865052266813842
0.8845516688228058
0.8825836328112455
0.880601192742147
0.8786044232532585
0.8765933995218226
0.8745681972617461
0.8725288927207496
0.8704755626774964
0.868408284438702
0.8663271358362233
0.8642321952241294
0.8621235414757509
0.8600012539807083
0.857865412641927
0.8557160978726257
0.8535533905932915
0.8513773722286306
0.8491881247045044
0.846985730444845
0.8447702723685516
0.8425418338863683
0.8403004988977448
0.8380463517876767
0.8357794774235279
0.8334999611518378
0.8312078887951045
0.8289033466485582
0.8265864214769072
0.8242572005110753
0.821915771444915
0.8195622224319071
0.8171966420818423
0.814819119457483
0.8124297440712126
0.8100286058816644
0.8076157952903332
0.8051914031381746
0.8027555207021829
0.8003082396919544
0.7978496522462368
0.7953798509294573
0.7928989287282397
0.7904069790479027
0.787904095708943
0.7853903729435043
0.7828659053918271
0.7803307880986888
0.7777851165098217
0.7752289864683234
0.7726624942110443
0.7700857363649678
0.7674988099435699
0.7649018123431689
0.7622948413392558
0.7596779950828165
0.7570513720966324
0.7544150712715753
0.7517691918628805
0.7491138334864127
0.7464490961149141
0.74377508007424
0.7410918860395834
0.738399615031683
0.735698368413021
0.7329882478840051
0.7302693554791424
0.7275417935631944
0.7248056648273258
0.722061072285237
0.7193081192692863
0.7165469094265987
0.7137775467151636
0.7110001353999226
0.7082147800488413
0.7054215855289748
0.7026206570025179
0.6998120999228464
0.6969960200305473
0.6941725233494364
0.6913417161825682
0.6885037051082323
0.6856585969759422
0.6828064989024107
0.6799475182675175
0.6770817627102688
0.6742093401247408
0.671330358656021
0.6684449266961335
0.6655531528799621
0.6626551460811553
0.6597510154080317
0.6568408701994699
0.6539248200207914
0.651002974659638
0.648075444121836
0.6451423386272553
0.6422037686056601
0.6392598446925509
0.6363106777249986
0.6333563787374734
0.6303970589576622
0.6274328298022817
0.6244638028728846
0.6214900899516564
0.6185118029972084
0.6155290541403603
0.6125419556799211
0.6095506200784596
0.6065551599580703
0.6035556880961341
0.6005523174210707
0.597545161008089
0.594534332074928
0.5915199439775953
0.5885021102060992
0.5854809443801757
0.58245656024501
0.5794290716669555
0.5763985926292466
0.5733652372277059
0.5703291196664498
0.5672903542535883
0.5642490553969218
0.5612053375996331
0.5581593154559774
0.5551111036469667
0.5520608169360526
0.5490085701648054
0.5459544782485914
0.5428986561722452
0.5398412189857404
0.5367822817998588
0.5337219597818574
0.5306603681511297
0.5275976221748703
0.5245338371637341
0.5214691284674957
0.5184036114707047
0.5153374015883435
0.5122706142614813
0.5092033649529276
0.5061357691428854
0.5030679423246026
0.5000000000000254
0.4969320576754482
0.49386423085716535
0.4907966350471228
0.48772938573856917
0.48466259841170706
0.4815963885293459
0.47853087153255497
0.4754661628363163
0.4724023778251803
0.469339631848921
0.46627804021819336
0.46321771820019164
0.46015878101431024
0.4571013438278054
0.45404552175145885
0.45099142983524476
0.44793918306399794
0.4448888963530837
0.44184068454407277
0.438794662400417
0.4357509446031285
0.4327096457464619
0.42967088033360057
0.4266347627723443
0.42360140737080343
0.42057092833309445
0.4175434397550401
0.41451905561987434
0.41149788979395063
0.40848005602245446
0.4054656679251219
0.40245483899196083
0.399447682578979
0.3964443119039155
0.3934448400419791
0.39044937992159
0.38745804432012826
0.3844709458596892
0.3814881970028411
0.3785099100483927
0.3755361971271645
0.3725671701977673
0.3696029410423868
0.3666436212625753
0.36368932227504996
0.3607401553074977
0.3577962313943886
0.3548576613727932
0.35192455587821236
0.3489970253404102
0.34607517997925674
0.34315912980057833
0.3402489845920163
0.3373448539188926
0.3344468471200859
0.33155507330391387
0.32866964134402665
0.3257906598753065
0.3229182372897787
0.32005248173252965
0.3171935010976368
0.3143414030241049
0.31149629489181446
0.3086582838174786
0.30582747665061033
0.3030039799694993
0.3001879000772
0.29737934299752833
0.29457841447107136
0.2917852199512045
0.28899986460012345
0.286222453284882
0.283453090573447
0.2806918807307591
0.27793892771480827
0.2751943351727194
0.2724582064368508
0.26973064452090273
0.2670117521160395
0.2643016315870238
0.2616003849683613
0.258908113960461
0.2562249199258042
0.25355090388513013
0.2508861665136311
0.24823080813716328
0.24558492872846843
0.242948627903411
0.240322004917227
0.2377051586607873
0.23509818765687435
0.23250119005647296
0.22991426363507508
0.2273375057889981
0.22477101353171888
0.22221488349022014
0.21966921190135316
0.21713409460821448
0.21460962705653736
0.21209590429109818
0.20959302095213853
0.20710107127180133
0.20462014907058357
0.2021503477538038
0.19969176030808597
0.19724447929785752
0.1948085968618656
0.1923842047097068
0.18997139411837552
0.18757025592882684
0.18518088054255638
0.18280335791819705
0.1804377775681318
0.17808422855512382
0.1757427994889633
0.17341357852313102
0.17109665335147994
0.1687921112049333
0.16650003884820028
0.16422052257650976
0.16195364821236094
0.15969950110229225
0.15745816611366856
0.1552297276314851
0.15301426955519146
0.1508118752955319
0.14862262777140559
0.1464466094067444
0.14428390212740982
0.14213458735810855
0.139998746019327
0.13787645852428423
0.135767804775905
0.13367286416381105
0.1315917155613324
0.12952443732253768
0.12747110727928415
0.12543180273828733
0.12340660047821064
0.12139557674677452
0.11939880725788579
0.11741636718878706
0.11544833117722664
0.11349477331864781
0.11155576716339999
0.10963138571396888
0.10772170142222832
0.10582678618671265
0.10394671134990956
0.10208154769557383
0.10023136544606293
0.0983962342596929
0.0965762232281156
0.09477140087371766
0.0929818351470408
0.09120759342422301
0.0894487425044624
0.08770534860750194
0.08597747737113658
0.0842651938487417
0.08256856250682416
0.08088764722259507
0.07922251128156474
0.07757321737516029
0.07593982759836505
0.07432240344738097
0.07272100581731317
0.07113569499987728
0.06956653068112954
0.06801357193921964
0.06647687724216655
0.06495650444565704
0.06345251079086758
0.06196495290230919
0.06049388678569562
0.05903936782583468
0.057601450784543214
0.05618018979858498
0.05477563837763286
0.05338784940225401
0.05201687512191895
0.050662767153034485
0.04932557647700026
0.04800535343828943
0.0467021477425533
0.04541600845474965
0.04414698399729576
0.042895122148245236
0.04166047003948907
0.040443074154981384
0.03924298032898917
0.038060233744366595
0.036894878930854164
0.03574695976340193
0.0346165194605177
0.03350360058263995
0.03240824503053548
0.03133049404372166
0.030270388198914013
0.029227967408498437
0.028203270919028498
0.02719633730974787
0.02620720449113782
0.02523590970348991
0.024282489515503904
0.023346979822911035
0.022429415847122432
0.02152983213390321
0.020648262552071722
0.01978474029222444
0.018939297865486402
0.018111967102287116
0.01730277915116222
0.016511764477580692
0.015738952862797948
0.014984373402734449
0.014248054506880409
0.013530023897226073
0.012830308607218068
0.012148934980741571
0.011485928671128518
0.010841314640191725
0.01021511715728512
0.009607359798390011
0.00901806544522745
0.008447256284396765
0.00789495380654024
0.007361178805534001
0.006845951377705148
0.0063492909210751255
0.005871216134629416
0.005411745017613522
0.004970894868855303
0.004548682286113688
0.004145123165453787
0.0037602327006483927
0.0033940253826059714
0.0030465149988250623
0.0027177146328752023
0.0024076366639043307
0.0021162927661727213
0.0018436939086134568
0.0015898503544194496
0.0013547716606570439
0.001138466677906192
0.0009409435499272373
0.0007622097133543093
0.0006022718974153335
0.0004611361236786824
0.0003388077058264677
0.0002352912494544807
0.00015059065189879634
8.47091020890394e-5
3.764908042832396e-5
9.412358699867071e-6
2.823637718850455e-16
9.412358699554985e-6
3.764908042769979e-5
8.470910208810315e-5
0.0001505906518975481
0.00023529124945292047
0.00033880770582459554
0.0004611361236764985
0.0006022718974128377
0.0007622097133515021
0.0009409435499241186
0.0011384666779027614
0.0013547716606533025
0.001589850354415397
0.0018436939086090925
0.0021162927661680453
0.0024076366638993447
0.002717714632869906
0.0030465149988194557
0.003394025382600054
0.0037602327006421668
0.004145123165447251
0.004548682286106842
0.00497089486884815
0.00541174501760606
0.005871216134621646
0.006349290921067046
0.006845951377696758
0.007361178805525306
0.007894953806531239
0.008447256284387458
0.009018065445217835
0.009607359798380089
0.010215117157274892
0.01084131464018119
0.011485928671117675
0.012148934980730431
0.012830308607206617
0.01353002389721432
0.014248054506868356
0.014984373402722094
0.01573895286278528
0.016511764477567734
0.017302779151148955
0.01811196710227355
0.018939297865472535
0.019784740292210275
0.02064826255205725
0.02152983213388844
0.02242941584710737
0.02334697982289567
0.024282489515488247
0.025235909703473954
0.02620720449112156
0.02719633730973132
0.02820327091901166
0.0292279674084813
0.03027038819889659
0.03133049404370392
0.03240824503051746
0.033503600582621654
0.03461651946049908
0.03574695976338301
0.036894878930835005
0.038060233744347145
0.0392429803289694
0.04044307415496135
0.041660470039468746
0.04289512214822461
0.04414698399727486
0.04541600845472847
0.046702147742531834
0.0480053534382677
0.049325576476978224
0.05066276715301217
0.05201687512189635
0.05338784940223114
0.05477563837760971
0.05618018979856154
0.0576014507845195
0.059039367825810714
0.06049388678567138
0.06196495290228463
0.06345251079084278
0.06495650444563196
0.06647687724214123
0.06801357193919406
0.06956653068110365
0.07113569499985112
0.07272100581728677
0.07432240344735432
0.07593982759833812
0.07757321737513306
0.07922251128153728
0.08088764722256736
0.08256856250679616
0.08426519384871346
0.08597747737110809
0.08770534860747317
0.08944874250443337
0.09120759342419374
0.09298183514701126
0.09477140087368788
0.09657622322808553
0.09839623425966262
0.10023136544603242
0.10208154769554303
0.10394671134987848
0.10582678618668141
0.10772170142219681
0.10963138571393709
0.11155576716336797
0.11349477331861556
0.11544833117719412
0.11741636718875433
0.11939880725785282
0.1213955767467413
0.12340660047817721
0.12543180273825366
0.12747110727925023
0.12952443732250357
0.13159171556129803
0.13367286416377644
0.13576780477587014
0.13787645852424912
0.1399987460192917
0.14213458735807305
0.14428390212737405
0.14644660940670837
0.1486226277713694
0.15081187529549547
0.1530142695551548
0.1552297276314483
0.15745816611363145
0.15969950110225498
0.16195364821232341
0.1642205225764721
0.1665000388481625
0.1687921112048952
0.17109665335144167
0.17341357852309253
0.17574279948892457
0.178084228555085
0.1804377775680927
0.18280335791815772
0.18518088054251686
0.18757025592878712
0.18997139411833563
0.19238420470966666
0.19480859686182533
0.197244479297817
0.1996917603080453
0.20215034775376298
0.20462014907054246
0.20710107127176006
0.20959302095209714
0.2120959042910566
0.21460962705649556
0.21713409460817254
0.21966921190131106
0.22221488349017784
0.2247710135316765
0.22733750578895556
0.22991426363503226
0.23250119005642994
0.23509818765683124
0.237705158660744
0.24032200491718356
0.24294862790336738
0.2455849287284247
0.24823080813711929
0.25088616651358703
0.25355090388508594
0.2562249199257598
0.2589081139604163
0.26160038496831667
0.2643016315869789
0.2670117521159946
0.2697306445208574
0.2724582064368055
0.2751943351726739
0.2779389277147626
0.28069188073071333
0.2834530905734011
0.28622245328483614
0.28899986460007726
0.29178521995115836
0.294578414471025
0.2973793429974819
0.30018790007715335
0.30300397996945266
0.3058274766505636
0.3086582838174316
0.31149629489176733
0.31434140302405755
0.31719350109758954
0.3200524817324822
0.3229182372897311
0.3257906598752588
0.32866964134397886
0.3315550733038659
0.3344468471200379
0.33734485391884456
0.3402489845919681
0.34315912980053004
0.34607517997920834
0.34899702534036176
0.3519245558781638
0.35485766137274444
0.3577962313943397
0.36074015530744885
0.3636893222750011
0.3666436212625263
0.3696029410423376
0.372567170197718
0.3755361971271152
0.3785099100483433
0.38148819700279174
0.3844709458596398
0.38745804432007885
0.3904493799215403
0.3934448400419294
0.39644431190386575
0.3994476825789292
0.4024548389919109
0.40546566792507194
0.4084800560224045
0.4114978897939006
0.4145190556198243
0.41754343975499
0.42057092833304416
0.42360140737075314
0.42663476277229395
0.42967088033355016
0.4327096457464115
0.4357509446030781
0.4387946624003665
0.4418406845440222
0.44488889635303314
0.4479391830639474
0.45099142983519436
0.4540455217514082
0.4571013438277546
0.4601587810142596
0.46321771820014074
0.46627804021814245
0.4693396318488702
0.4724023778251296
0.47546616283626536
0.47853087153250407
0.48159638852929504
0.48466259841165626
0.4877293857385182
0.4907966350470721
0.49386423085711467
0.4969320576753972
0.4999999999999744
0.5030679423245518
0.5061357691428343
0.509203364952877
0.5122706142614306
0.5153374015882926
0.5184036114706541
0.521469128467445
0.5245338371636835
0.5275976221748195
0.5306603681510791
0.5337219597818065
0.5367822817998081
0.5398412189856896
0.5428986561721945
0.5459544782485413
0.5490085701647549
0.5520608169360018
0.5551111036469162
0.558159315455927
0.5612053375995826
0.5642490553968713
0.5672903542535377
0.5703291196663997
0.5733652372276555
0.5763985926291965
0.5794290716669056
0.5824565602449598
0.5854809443801254
0.5885021102060494
0.5915199439775455
0.594534332074878
0.5975451610080389
0.600552317421021
0.6035556880960844
0.6065551599580207
0.60955062007841
0.6125419556798716
0.6155290541403107
0.6185118029971589
0.6214900899516071
0.6244638028728353
0.6274328298022326
0.6303970589576129
0.6333563787374243
0.6363106777249498
0.6392598446925019
0.6422037686056113
0.6451423386272067
0.6480754441217873
0.6510029746595893
0.6539248200207431
0.6568408701994213
0.6597510154079835
0.6626551460811073
0.6655531528799142
0.6684449266960858
0.6713303586559732
0.6742093401246934
0.6770817627102214
0.6799475182674701
0.6828064989023631
0.6856585969758948
0.6885037051081854
0.6913417161825213
0.6941725233493896
0.6969960200305004
0.6998120999227999
0.7026206570024712
0.7054215855289284
0.7082147800487955
0.7110001353998765
0.713777546715118
0.716546909426553
0.7193081192692405
0.7220610722851917
0.7248056648272804
0.7275417935631491
0.7302693554790971
0.7329882478839603
0.7356983684129762
0.7383996150316385
0.741091886039539
0.7437750800741956
0.74644909611487
0.7491138334863685
0.7517691918628365
0.7544150712715314
0.7570513720965888
0.759677995082773
0.7622948413392129
0.7649018123431255
0.7674988099435268
0.7700857363649248
0.7726624942110016
0.7752289864682811
0.77778511650978
0.7803307880986469
0.7828659053917852
0.7853903729434627
0.7879040957089017
0.7904069790478612
0.7928989287281987
0.7953798509294164
0.7978496522461959
0.8003082396919138
0.8027555207021423
0.8051914031381344
0.8076157952902935
0.8100286058816245
0.812429744071173
0.8148191194574432
0.817196642081803
0.819562222431868
0.8219157714448759
0.8242572005110367
0.8265864214768686
0.8289033466485201
0.8312078887950664
0.8334999611517996
0.83577947742349
0.8380463517876388
0.8403004988977076
0.8425418338863312
0.844770272368515
0.8469857304448085
0.8491881247044681
0.8513773722285942
0.8535533905932553
0.8557160978725901
0.8578654126418913
0.860001253980673
0.8621235414757156
0.8642321952240948
0.8663271358361886
0.8684082844386676
0.8704755626774621
0.8725288927207159
0.8745681972617124
0.8765933995217893
0.8786044232532254
0.8806011927421142
0.8825836328112128
0.8845516688227731
0.8865052266813521
0.8884442328366001
0.890368614286031
0.8922782985777715
0.8941732138132873
0.8960532886500903
0.897918452304426
0.8997686345539371
0.901603765740307
0.9034237767718845
0.9052285991262822
0.9070181648529593
0.9087924065757768
0.9105512574955377
0.9122946513924978
0.9140225226288634
0.9157348061512584
0.9174314374931757
0.9191123527774049
0.9207774887184351
0.9224267826248396
0.9240601724016348
0.925677596552619
0.9272789941826869
0.9288643050001226
0.9304334693188704
0.93198642806078
0.9335231227578333
0.935043495554343
0.9365474892091326
0.9380350470976907
0.9395061132143043
0.940960632174165
0.9423985492154568
0.943819810201415
0.9452243616223672
0.9466121505977461
0.9479831248780809
0.9493372328469654
0.9506744235229999
0.9519946465617106
0.9532978522574465
0.9545839915452504
0.9558530160027043
0.9571048778517546
0.958339529960511
0.9595569258450186
0.9607570196710107
0.9619397662556333
0.9631051210691458
0.964253040236598
0.9653834805394823
0.9664963994173603
0.9675917549694646
0.9686695059562783
0.9697296118010859
0.9707720325915015
0.9717967290809714
0.9728036626902522
0.9737927955088623
0.97476409029651
0.9757175104844962
0.9766530201770887
0.9775705841528775
0.9784701678660971
0.9793517374479279
0.9802152597077757
0.9810607021345137
0.9818880328977128
0.9826972208488379
0.9834882355224195
0.9842610471372022
0.9850156265972654
0.9857519454931195
0.9864699761027738
0.9871696913927818
0.9878510650192586
0.9885140713288713
0.989158685359808
0.9897848828427147
0.9903926402016097
0.9909819345547726
0.9915527437156031
0.9921050461934598
0.9926388211944661
0.9931540486222947
0.9936507090789248
0.9941287838653707
0.9945882549823866
0.9950291051311448
0.9954513177138866
0.9958548768345465
0.9962397672993514
0.9966059746173944
0.9969534850011751
0.9972822853671252
0.9975923633360959
0.9978837072338274
0.9981563060913867
0.9984101496455806
0.9986452283393433
0.9988615333220937
0.9990590564500729
0.9992377902866458
0.9993977281025844
0.9995388638763215
0.9996611922941737
0.9997647087505458
0.9998494093481016
0.9999152908979113
0.9999623509195715
0.9999905876413003
1.0
0.9999905876413008
0.9999623509195724
0.999915290897912
0.9998494093481024
0.9997647087505472
0.9996611922941756
0.9995388638763234
0.9993977281025872
0.9992377902866488
0.9990590564500758
0.9988615333220973
0.9986452283393469
0.9984101496455848
0.9981563060913914
0.9978837072338321
0.9975923633361004
0.99728228536713
0.9969534850011808
0.9966059746174003
0.996239767299358
0.9958548768345531
0.9954513177138933
0.9950291051311522
0.9945882549823941
0.9941287838653787
0.9936507090789329
0.9931540486223035
0.9926388211944747
0.9921050461934688
0.9915527437156125
0.9909819345547826
0.9903926402016199
0.9897848828427254
0.9891586853598184
0.9885140713288825
0.9878510650192696
0.9871696913927936
0.9864699761027856
0.9857519454931318
0.9850156265972779
0.9842610471372147
0.9834882355224325
0.9826972208488515
0.9818880328977267
0.9810607021345275
0.9802152597077897
0.979351737447943
0.9784701678661116
0.9775705841528929
0.9766530201771048
0.9757175104845119
0.9747640902965259
0.9737927955088785
0.9728036626902691
0.9717967290809885
0.9707720325915188
0.9697296118011034
0.9686695059562961
0.9675917549694829
0.9664963994173784
0.965383480539501
0.9642530402366172
0.9631051210691652
0.9619397662556529
0.9607570196710309
0.9595569258450388
0.9583395299605314
0.9571048778517757
0.9558530160027252
0.9545839915452717
0.9532978522574683
0.9519946465617327
0.950674423523022
0.9493372328469881
0.9479831248781039
0.9466121505977688
0.9452243616223905
0.9438198102014386
0.9423985492154808
0.9409606321741896
0.9395061132143289
0.9380350470977152
0.9365474892091573
0.935043495554368
0.9335231227578592
0.9319864280608062
0.9304334693188965
0.9288643050001489
0.9272789941827134
0.9256775965526456
0.9240601724016619
0.9224267826248673
0.9207774887184628
0.9191123527774328
0.917431437493204
0.9157348061512869
0.9140225226288923
0.9122946513925271
0.9105512574955671
0.9087924065758064
0.9070181648529893
0.9052285991263124
0.9034237767719151
0.9016037657403377
0.8997686345539679
0.8979184523044571
0.8960532886501217
0.8941732138133189
0.8922782985778034
0.8903686142860631
0.8884442328366323
0.8865052266813845
0.884551668822806
0.882583632811246
0.8806011927421474
0.8786044232532588
0.876593399521823
0.8745681972617466
0.87252889272075
0.8704755626774965
0.8684082844387022
0.8663271358362239
0.86423219522413
0.8621235414757511
0.8600012539807087
0.8578654126419273
0.8557160978726263
0.8535533905932918
0.8513773722286309
0.8491881247045044
0.8469857304448454
0.8447702723685521
0.8425418338863689
0.8403004988977455
0.8380463517876767
0.8357794774235281
0.8334999611518379
0.8312078887951051
0.8289033466485585
0.8265864214769078
0.8242572005110755
0.8219157714449152
0.8195622224319076
0.8171966420818426
0.8148191194574833
0.8124297440712134
0.8100286058816648
0.8076157952903337
0.805191403138175
0.8027555207021835
0.8003082396919551
0.7978496522462372
0.7953798509294576
0.7928989287282401
0.7904069790479032
0.7879040957089435
0.7853903729435046
0.7828659053918278
0.7803307880986893
0.7777851165098223
0.775228986468324
0.7726624942110446
0.7700857363649681
0.7674988099435702
0.7649018123431692
0.7622948413392561
0.7596779950828167
0.757051372096633
0.7544150712715757
0.7517691918628809
0.7491138334864134
0.7464490961149143
0.7437750800742408
0.7410918860395838
0.7383996150316837
0.7356983684130215
0.7329882478840061
0.7302693554791428
0.7275417935631953
0.7248056648273261
0.7220610722852377
0.7193081192692868
0.7165469094265994
0.713777546715164
0.7110001353999232
0.7082147800488419
0.7054215855289755
0.7026206570025185
0.6998120999228471
0.6969960200305475
0.6941725233494369
0.6913417161825687
0.6885037051082331
0.6856585969759426
0.6828064989024112
0.6799475182675178
0.6770817627102694
0.6742093401247412
0.6713303586560214
0.6684449266961342
0.6655531528799624
0.6626551460811559
0.659751015408032
0.6568408701994702
0.6539248200207921
0.6510029746596387
0.6480754441218363
0.6451423386272557
0.6422037686056606
0.6392598446925514
0.6363106777249992
0.6333563787374741
0.6303970589576627
0.627432829802282
0.624463802872885
0.6214900899516568
0.6185118029972088
0.6155290541403606
0.6125419556799216
0.60955062007846
0.6065551599580709
0.6035556880961345
0.6005523174210712
0.5975451610080896
0.5945343320749286
0.5915199439775956
0.5885021102060998
0.5854809443801762
0.5824565602450106
0.5794290716669561
0.5763985926292471
0.5733652372277063
0.5703291196664502
0.5672903542535888
0.5642490553969224
0.5612053375996336
0.558159315455978
0.555111103646967
0.5520608169360534
0.549008570164806
0.545954478248592
0.5428986561722456
0.5398412189857411
0.5367822817998593
0.5337219597818579
0.5306603681511303
0.5275976221748707
0.5245338371637347
0.5214691284674964
0.5184036114707051
0.515337401588344
0.5122706142614819
0.5092033649529282
0.5061357691428859
0.5030679423246033
0.5000000000000258
0.4969320576754489
0.4938642308571658
0.49079663504712334
0.4877293857385698
0.4846625984117076
0.48159638852934633
0.4785308715325555
0.47546616283631693
0.47240237782518096
0.4693396318489217
0.46627804021819375
0.46321771820019214
0.4601587810143108
0.4571013438278059
0.45404552175145935
0.4509914298352456
0.4479391830639983
0.4448888963530844
0.4418406845440734
0.43879466240041776
0.43575094460312913
0.4327096457464627
0.42967088033360124
0.4266347627723446
0.4236014073708038
0.42057092833309495
0.41754343975504077
0.4145190556198751
0.41149788979395097
0.40848005602245513
0.40546566792512234
0.40245483899196144
0.39944768257897934
0.39644431190391627
0.3934448400419795
0.3904493799215903
0.387458044320129
0.38447094585968977
0.38148819700284164
0.3785099100483933
0.375536197127165
0.3725671701977678
0.36960294104238717
0.36664362126257577
0.3636893222750506
0.3607401553074984
0.3577962313943889
0.3548576613727937
0.351924555878213
0.34899702534041077
0.3460751799792573
0.343159129800579
0.34024898459201686
0.33734485391889313
0.33444684712008627
0.33155507330391454
0.3286696413440272
0.32579065987530714
0.3229182372897792
0.3200524817325302
0.31719350109763716
0.31434140302410546
0.311496294891815
0.3086582838174791
0.30582747665061066
0.3030039799694997
0.3001879000772005
0.2973793429975289
0.29457841447107164
0.29178521995120504
0.2889998646001239
0.2862224532848824
0.28345309057344736
0.28069188073075974
0.2779389277148087
0.27519433517271996
0.27245820643685137
0.26973064452090323
0.26701175211603995
0.2643016315870242
0.2616003849683619
0.2589081139604615
0.2562249199258047
0.2535509038851306
0.25088616651363166
0.2482308081371637
0.24558492872846904
0.24294862790341154
0.24032200491722772
0.23770515866078762
0.23509818765687493
0.23250119005647354
0.22991426363507564
0.2273375057889986
0.22477101353171958
0.22221488349022056
0.2196692119013536
0.2171340946082148
0.21460962705653777
0.2120959042910988
0.20959302095213894
0.2071010712718017
0.20462014907058404
0.2021503477538043
0.19969176030808644
0.19724447929785802
0.1948085968618662
0.19238420470970696
0.18997139411837602
0.18757025592882717
0.18518088054255694
0.18280335791819738
0.18043777756813226
0.17808422855512415
0.17574279948896374
0.17341357852313136
0.1710966533514803
0.16879211120493381
0.16650003884820064
0.1642205225765101
0.16195364821236136
0.15969950110229267
0.15745816611366897
0.15522972763148538
0.1530142695551919
0.15081187529553233
0.148622627771406
0.1464466094067448
0.1442839021274103
0.14213458735810894
0.1399987460193273
0.13787645852428457
0.13576780477590553
0.13367286416381127
0.13159171556133276
0.12952443732253807
0.1274711072792846
0.12543180273828766
0.12340660047821114
0.12139557674677488
0.11939880725788611
0.11741636718878744
0.11544833117722694
0.11349477331864818
0.11155576716340028
0.10963138571396906
0.10772170142222862
0.10582678618671311
0.1039467113499099
0.10208154769557405
0.10023136544606323
0.09839623425969309
0.0965762232281159
0.09477140087371794
0.09298183514704118
0.09120759342422327
0.08944874250446262
0.08770534860750222
0.08597747737113692
0.08426519384874198
0.08256856250682439
0.0808876472225953
0.07922251128156496
0.07757321737516049
0.07593982759836533
0.0743224034473812
0.07272100581731343
0.07113569499987743
0.06956653068112972
0.0680135719392199
0.06647687724216682
0.06495650444565733
0.06345251079086785
0.061964952902309516
0.060493886785695845
0.05903936782583496
0.0576014507845435
0.05618018979858519
0.05477563837763315
0.05338784940225431
0.05201687512191916
0.05066276715303474
0.049325576477000484
0.04800535343828964
0.0467021477425535
0.04541600845474989
0.044146983997296003
0.042895122148245556
0.04166047003948922
0.040443074154981565
0.03924298032898934
0.038060233744366755
0.03689487893085434
0.03574695976340208
0.03461651946051791
0.03350360058264022
0.03240824503053567
0.031330494043721825
0.03027038819891417
0.02922796740849863
0.028203270919028668
0.027196337309747996
0.02620720449113798
0.02523590970349006
0.0242824895155041
0.023346979822911177
0.02242941584712254
0.021529832133903345
0.020648262552071927
0.01978474029222455
0.018939297865486576
0.01811196710228721
0.017302779151162365
0.016511764477580758
0.015738952862798042
0.014984373402734574
0.01424805450688058
0.01353002389722617
0.01283030860721815
0.012148934980741674
0.011485928671128678
0.010841314640191769
0.010215117157285219
0.00960735979839015
0.00901806544522756
0.008447256284396801
0.007894953806540334
0.007361178805534101
0.0068459513777052545
0.006349290921075169
0.005871216134629493
0.005411745017613628
0.00497089486885537
0.004548682286113728
0.004145123165453856
0.0037602327006484404
0.003394025382606037
0.0030465149988250983
0.0027177146328752643
0.0024076366639043598
0.0021162927661727755
0.0018436939086134882
0.0015898503544194945
0.0013547716606570857
0.0011384666779062325
0.0009409435499272711
0.0007622097133543254
0.0006022718974153497
0.0004611361236787059
0.00033880770582648585
0.000235291249454491
0.00015059065189881
8.470910208905289e-5
3.764908042832867e-5
9.412358699870322e-6
2.8219166484341146e-16
9.412358699550948e-6
3.764908042769115e-5
8.470910208809476e-5
0.00015059065189753523
0.0002352912494529056
0.00033880770582458367
0.0004611361236764817
0.000602271897412809
0.0007622097133514545
0.0009409435499240762
0.0011384666779027369
0.001354771660653268
0.0015898503544153756
0.001843693908609035
0.0021162927661679963
0.002407636663899273
0.002717714632869853
0.003046514998819381
0.0033940253826000113
0.0037602327006421117
0.00414512316544719
0.004548682286106736
0.004970894868848085
0.0054117450176059834
0.0058712161346215815
0.006349290921066963
0.006845951377696679
0.00736117880552525
0.007894953806531137
0.008447256284387323
0.009018065445217735
0.009607359798379993
0.010215117157274797
0.010841314640181076
0.011485928671117635
0.01214893498073033
0.012830308607206499
0.013530023897214126
0.014248054506868234
0.014984373402722006
0.015738952862785188
0.016511764477567515
0.017302779151148823
0.018111967102273436
0.0189392978654723
0.019784740292210154
0.020648262552057157
0.02152983213388832
0.022429415847107163
0.023346979822895436
0.024282489515488143
0.025235909703473766
0.026207204491121443
0.027196337309731203
0.028203270919011536
0.029227967408481072
0.030270388198896353
0.03133049404370369
0.032408245030517355
0.03350360058262153
0.03461651946049897
0.03574695976338272
0.036894878930834735
0.038060233744347034
0.03924298032896917
0.040443074154961164
0.041660470039468656
0.04289512214822449
0.044146983997274826
0.045416008454728235
0.046702147742531674
0.04800535343826755
0.04932557647697803
0.05066276715301189
0.052016875121896324
0.05338784940223109
0.054775638377609535
0.05618018979856121
0.057601450784519365
0.059039367825810506
0.060493886785671185
0.06196495290228449
0.06345251079084274
0.06495650444563181
0.06647687724214099
0.06801357193919373
0.06956653068110347
0.07113569499985094
0.07272100581728651
0.07432240344735418
0.07593982759833778
0.07757321737513287
0.07922251128153689
0.080887647222567
0.08256856250679596
0.08426519384871324
0.08597747737110796
0.08770534860747285
0.08944874250443305
0.09120759342419346
0.09298183514701097
0.09477140087368767
0.09657622322808516
0.09839623425966242
0.1002313654460322
0.10208154769554277
0.10394671134987807
0.10582678618668125
0.10772170142219656
0.10963138571393682
0.11155576716336758
0.11349477331861535
0.11544833117719376
0.11741636718875392
0.11939880725785242
0.12139557674674106
0.12340660047817698
0.12543180273825347
0.12747110727924976
0.12952443732250338
0.13159171556129762
0.1336728641637761
0.13576780477586983
0.1378764585242491
0.13999874601929146
0.14213458735807252
0.14428390212737355
0.14644660940670817
0.14862262777136911
0.1508118752954952
0.15301426955515465
0.155229727631448
0.15745816611363112
0.15969950110225462
0.16195364821232297
0.16422052257647185
0.16650003884816197
0.16879211120489498
0.17109665335144134
0.17341357852309222
0.17574279948892438
0.17808422855508452
0.18043777756809232
0.1828033579181574
0.18518088054251683
0.18757025592878684
0.1899713941183353
0.1923842047096664
0.19480859686182492
0.19724447929781677
0.19969176030804486
0.20215034775376298
0.20462014907054218
0.20710107127175967
0.20959302095209653
0.21209590429105643
0.21460962705649533
0.21713409460817204
0.2196692119013107
0.22221488349017757
0.22477101353167622
0.227337505788955
0.22991426363503184
0.23250119005642989
0.23509818765683083
0.23770515866074363
0.24032200491718295
0.24294862790336713
0.24558492872842438
0.24823080813711873
0.25088616651358675
0.25355090388508555
0.2562249199257596
0.25890811396041596
0.2616003849683162
0.2643016315869781
0.2670117521159942
0.269730644520857
0.2724582064368052
0.2751943351726737
0.2779389277147623
0.280691880730713
0.28345309057340057
0.28622245328483537
0.28899986460007676
0.29178521995115814
0.29457841447102456
0.2973793429974813
0.30018790007715307
0.303003979969452
0.30582747665056287
0.30865828381743116
0.31149629489176717
0.31434140302405733
0.317193501097589
0.3200524817324817
0.32291823728973074
0.32579065987525846
0.3286696413439784
0.3315550733038656
0.3344468471200376
0.33734485391884417
0.3402489845919675
0.34315912980052965
0.34607517997920806
0.3489970253403611
0.3519245558781634
0.3548576613727439
0.35779623139433925
0.36074015530744863
0.36368932227500067
0.3666436212625257
0.3696029410423372
0.3725671701977177
0.37553619712711506
0.3785099100483429
0.3814881970027914
0.3844709458596392
0.38745804432007824
0.3904493799215397
0.3934448400419292
0.3964443119038656
0.39944768257892876
0.40245483899191015
0.40546566792507177
0.4084800560224039
0.41149788979390023
0.4145190556198237
0.41754343975498975
0.42057092833304377
0.42360140737075247
0.4266347627722931
0.42967088033354983
0.4327096457464114
0.4357509446030776
0.4387946624003661
0.44184068454402203
0.44488889635303275
0.44793918306394687
0.4509914298351938
0.4540455217514081
0.45710134382775397
0.46015878101425917
0.4632177182001401
0.4662780402181423
0.4693396318488698
0.47240237782512895
0.47546616283626497
0.47853087153250395
0.48159638852929476
0.48466259841165604
0.48772938573851793
0.4907966350470719
0.4938642308571139
0.49693205767539683
0.49999999999997413
0.5030679423245513
0.5061357691428344
0.5092033649528768
0.5122706142614302
0.5153374015882919
0.5184036114706537
0.5214691284674444
0.5245338371636833
0.5275976221748185
0.5306603681510784
0.5337219597818058
0.5367822817998077
0.5398412189856893
0.542898656172194
0.5459544782485406
0.549008570164754
0.5520608169360013
0.5551111036469158
0.5581593154559267
0.5612053375995822
0.5642490553968704
0.5672903542535372
0.570329119666399
0.5733652372276551
0.576398592629196
0.5794290716669056
0.5824565602449593
0.5854809443801249
0.5885021102060483
0.5915199439775451
0.5945343320748776
0.5975451610080382
0.6005523174210204
0.603555688096084
0.6065551599580203
0.6095506200784094
0.6125419556798707
0.6155290541403103
0.6185118029971582
0.621490089951606
0.6244638028728349
0.6274328298022323
0.6303970589576126
0.6333563787374239
0.6363106777249493
0.6392598446925013
0.6422037686056112
0.645142338627206
0.6480754441217867
0.6510029746595895
0.6539248200207426
0.6568408701994205
0.6597510154079831
0.6626551460811072
0.6655531528799133
0.6684449266960856
0.6713303586559726
0.6742093401246929
0.677081762710221
0.6799475182674695
0.6828064989023627
0.685658596975894
0.6885037051081847
0.6913417161825206
0.6941725233493891
0.6969960200305004
0.6998120999227995
0.7026206570024711
0.7054215855289278
0.7082147800487948
0.7110001353998765
0.7137775467151178
0.7165469094265521
0.7193081192692405
0.7220610722851915
0.7248056648272796
0.7275417935631486
0.730269355479097
0.73298824788396
0.7356983684129755
0.738399615031638
0.7410918860395386
0.7437750800741953
0.7464490961148694
0.7491138334863682
0.7517691918628362
0.754415071271531
0.7570513720965882
0.7596779950827725
0.762294841339212
0.7649018123431252
0.7674988099435265
0.7700857363649243
0.7726624942110009
0.7752289864682806
0.7777851165097791
0.7803307880986464
0.7828659053917847
0.7853903729434625
0.7879040957089013
0.7904069790478607
0.7928989287281979
0.795379850929416
0.7978496522461955
0.8003082396919133
0.8027555207021416
0.8051914031381341
0.8076157952902928
0.810028605881624
0.8124297440711723
0.8148191194574429
0.8171966420818024
0.8195622224318675
0.8219157714448756
0.8242572005110361
0.8265864214768684
0.8289033466485192
0.8312078887950658
0.8334999611517993
0.8357794774234899
0.8380463517876385
0.8403004988977072
0.8425418338863312
0.8447702723685142
0.846985730444808
0.8491881247044674
0.8513773722285943
0.8535533905932551
0.8557160978725898
0.857865412641891
0.8600012539806727
0.8621235414757151
0.8642321952240949
0.8663271358361883
0.8684082844386675
0.8704755626774616
0.8725288927207154
0.8745681972617123
0.8765933995217888
0.8786044232532251
0.8806011927421137
0.8825836328112124
0.884551668822773
0.8865052266813518
0.8884442328365995
0.8903686142860306
0.8922782985777713
0.8941732138132868
0.89605328865009
0.8979184523044256
0.8997686345539365
0.9016037657403069
0.9034237767718842
0.905228599126282
0.9070181648529589
0.9087924065757764
0.9105512574955372
0.9122946513924977
0.9140225226288632
0.9157348061512578
0.9174314374931757
0.9191123527774044
0.920777488718435
0.9224267826248393
0.9240601724016346
0.9256775965526184
0.9272789941826866
0.9288643050001225
0.9304334693188704
0.93198642806078
0.9335231227578332
0.9350434955543426
0.9365474892091322
0.9380350470976903
0.9395061132143038
0.940960632174165
0.9423985492154566
0.9438198102014144
0.9452243616223666
0.9466121505977456
0.9479831248780805
0.9493372328469651
0.9506744235229997
0.9519946465617102
0.9532978522574462
0.95458399154525
0.955853016002704
0.9571048778517546
0.9583395299605105
0.9595569258450184
0.9607570196710105
0.961939766255633
0.9631051210691458
0.9642530402365982
0.9653834805394822
0.9664963994173599
0.9675917549694641
0.9686695059562781
0.9697296118010855
0.9707720325915016
0.9717967290809709
0.9728036626902518
0.9737927955088619
0.97476409029651
0.9757175104844962
0.9766530201770887
0.9775705841528775
0.9784701678660966
0.9793517374479277
0.9802152597077755
0.9810607021345135
0.9818880328977128
0.9826972208488377
0.983488235522419
0.984261047137202
0.9850156265972654
0.9857519454931194
0.986469976102774
0.9871696913927813
0.9878510650192581
0.9885140713288713
0.989158685359808
0.9897848828427145
0.9903926402016099
0.9909819345547723
0.9915527437156029
0.9921050461934598
0.9926388211944661
0.9931540486222947
0.993650709078925
0.9941287838653705
0.9945882549823863
0.9950291051311451
0.9954513177138866
0.9958548768345465
0.9962397672993516
0.9966059746173944
0.9969534850011749
0.997282285367125
0.9975923633360959
0.9978837072338274
0.998156306091387
0.9984101496455804
0.9986452283393429
0.9988615333220937
0.9990590564500729
0.9992377902866456
0.9993977281025846
0.9995388638763213
0.9996611922941735
0.9997647087505458
0.9998494093481016
0.9999152908979113
0.9999623509195715
0.9999905876413003
0.9999999999999998
0.9999905876413008
0.9999623509195724
0.999915290897912
0.9998494093481026
0.9997647087505472
0.9996611922941754
0.9995388638763234
0.9993977281025872
0.9992377902866486
0.9990590564500762
0.9988615333220973
0.9986452283393467
0.9984101496455848
0.9981563060913914
0.9978837072338321
0.9975923633361008
0.99728228536713
0.9969534850011805
0.9966059746174005
0.996239767299358
0.9958548768345531
0.9954513177138937
0.9950291051311522
0.9945882549823941
0.9941287838653785
0.9936507090789329
0.9931540486223035
0.9926388211944749
0.9921050461934691
0.9915527437156125
0.9909819345547825
0.9903926402016201
0.9897848828427254
0.9891586853598187
0.9885140713288825
0.9878510650192696
0.9871696913927936
0.9864699761027859
0.985751945493132
0.9850156265972784
0.9842610471372147
0.9834882355224323
0.9826972208488515
0.981888032897727
0.9810607021345278
0.9802152597077899
0.9793517374479432
0.9784701678661115
0.9775705841528931
0.9766530201771048
0.9757175104845122
0.9747640902965262
0.9737927955088788
0.9728036626902692
0.9717967290809885
0.9707720325915188
0.9697296118011036
0.9686695059562964
0.9675917549694827
0.9664963994173784
0.9653834805395012
0.9642530402366174
0.9631051210691655
0.9619397662556534
0.9607570196710311
0.9595569258450388
0.9583395299605318
0.9571048778517761
0.9558530160027257
0.9545839915452721
0.9532978522574688
0.9519946465617325
0.9506744235230222
0.9493372328469886
0.9479831248781039
0.9466121505977694
0.9452243616223905
0.9438198102014385
0.9423985492154808
0.94096063217419
0.9395061132143291
0.9380350470977159
0.9365474892091576
0.9350434955543682
0.9335231227578593
0.9319864280608063
0.930433469318897
0.9288643050001495
0.9272789941827139
0.925677596552646
0.9240601724016622
0.9224267826248674
0.9207774887184635
0.9191123527774333
0.9174314374932043
0.9157348061512869
0.9140225226288923
0.9122946513925274
0.9105512574955674
0.9087924065758068
0.9070181648529897
0.9052285991263126
0.9034237767719152
0.9016037657403381
0.8997686345539682
0.8979184523044575
0.896053288650122
0.8941732138133189
0.8922782985778043
0.8903686142860633
0.8884442328366327
0.8865052266813852
0.8845516688228063
0.882583632811246
0.8806011927421481
0.8786044232532594
0.8765933995218237
0.8745681972617471
0.8725288927207502
0.8704755626774969
0.8684082844387028
0.8663271358362241
0.8642321952241304
0.8621235414757515
0.8600012539807091
0.8578654126419274
0.8557160978726265
0.8535533905932923
0.8513773722286316
0.8491881247045049
0.8469857304448459
0.8447702723685521
0.8425418338863693
0.8403004988977457
0.8380463517876775
0.8357794774235285
0.8334999611518383
0.8312078887951053
0.8289033466485588
0.8265864214769084
0.8242572005110764
0.8219157714449159
0.8195622224319077
0.8171966420818427
0.8148191194574842
0.8124297440712134
0.8100286058816654
0.8076157952903341
0.8051914031381757
0.8027555207021834
0.8003082396919554
0.7978496522462374
0.7953798509294586
0.7928989287282402
0.7904069790479036
0.7879040957089443
0.7853903729435052
0.7828659053918281
0.7803307880986893
0.7777851165098227
0.7752289864683245
0.7726624942110447
0.7700857363649686
0.767498809943571
0.7649018123431699
0.7622948413392565
0.7596779950828171
0.7570513720966331
0.7544150712715763
0.7517691918628815
0.7491138334864138
0.7464490961149146
0.7437750800742409
0.7410918860395842
0.7383996150316845
0.7356983684130222
0.7329882478840062
0.7302693554791438
0.7275417935631951
0.7248056648273266
0.7220610722852385
0.7193081192692874
0.7165469094265997
0.7137775467151647
0.7110001353999239
0.708214780048843
0.7054215855289759
0.702620657002519
0.6998120999228475
0.6969960200305483
0.6941725233494374
0.6913417161825692
0.6885037051082334
0.685658596975943
0.682806498902411
0.6799475182675184
0.67708176271027
0.6742093401247419
0.6713303586560219
0.6684449266961345
0.6655531528799628
0.6626551460811565
0.6597510154080325
0.6568408701994706
0.6539248200207924
0.6510029746596393
0.6480754441218369
0.6451423386272566
0.6422037686056609
0.6392598446925517
0.6363106777249998
0.6333563787374747
0.6303970589576632
0.6274328298022828
0.6244638028728853
0.6214900899516573
0.6185118029972093
0.6155290541403611
0.612541955679922
0.6095506200784608
0.6065551599580711
0.6035556880961351
0.6005523174210712
0.5975451610080901
0.5945343320749292
0.5915199439775964
0.5885021102061003
0.5854809443801764
0.5824565602450108
0.5794290716669568
0.576398592629248
0.573365237227707
0.5703291196664508
0.5672903542535892
0.5642490553969226
0.5612053375996344
0.5581593154559784
0.5551111036469677
0.5520608169360536
0.5490085701648066
0.5459544782485926
0.5428986561722464
0.5398412189857411
0.53678228179986
0.5337219597818581
0.5306603681511309
0.5275976221748716
0.5245338371637351
0.5214691284674966
0.5184036114707061
0.5153374015883446
0.5122706142614826
0.5092033649529286
0.5061357691428865
0.5030679423246033
0.5000000000000262
0.4969320576754496
0.49386423085716663
0.49079663504712395
0.4877293857385702
0.4846625984117082
0.48159638852934694
0.47853087153255625
0.47546616283631704
0.47240237782518135
0.46933963184892225
0.4662780402181946
0.46321771820019253
0.4601587810143113
0.45710134382780615
0.45404552175145974
0.4509914298352457
0.44793918306399916
0.4448888963530849
0.4418406845440746
0.43879466240041803
0.4357509446031295
0.43270964574646287
0.4296708803336016
0.4266347627723455
0.4236014073708042
0.4205709283330952
0.41754343975504093
0.4145190556198755
0.4114978897939518
0.40848005602245563
0.4054656679251225
0.4024548389919617
0.39944768257898017
0.3964443119039164
0.3934448400419803
0.39044937992159057
0.3874580443201292
0.3844709458596899
0.3814881970028422
0.37850991004839407
0.3755361971271654
0.372567170197768
0.36960294104238794
0.36664362126257594
0.36368932227505085
0.3607401553074987
0.35779623139438926
0.3548576613727943
0.3519245558782135
0.34899702534041094
0.3460751799792582
0.3431591298005792
0.34024898459201697
0.3373448539188939
0.3344468471200869
0.33155507330391454
0.3286696413440274
0.32579065987530736
0.32291823728977953
0.3200524817325306
0.3171935010976377
0.3143414030241063
0.3114962948918156
0.3086582838174794
0.30582747665061144
0.3030039799695003
0.30018790007720075
0.297379342997529
0.29457841447107214
0.29178521995120554
0.28899986460012433
0.28622245328488277
0.2834530905734481
0.28069188073076
0.27793892771480905
0.27519433517272046
0.2724582064368517
0.26973064452090345
0.2670117521160404
0.2643016315870244
0.26160038496836224
0.25890811396046187
0.2562249199258052
0.253550903885131
0.25088616651363194
0.24823080813716392
0.24558492872846927
0.24294862790341243
0.24032200491722788
0.2377051586607881
0.2350981876568751
0.2325011900564739
0.22991426363507592
0.22733750578899892
0.2247710135317199
0.22221488349022106
0.2196692119013538
0.21713409460821514
0.21460962705653827
0.2120959042910991
0.2095930209521394
0.20710107127180177
0.20462014907058432
0.20215034775380497
0.19969176030808672
0.19724447929785843
0.19480859686186658
0.1923842047097075
0.18997139411837616
0.18757025592882756
0.18518088054255738
0.18280335791819807
0.18043777756813256
0.17808422855512454
0.1757427994889642
0.17341357852313183
0.1710966533514806
0.16879211120493398
0.1665000388482009
0.16422052257651062
0.1619536482123615
0.15969950110229317
0.15745816611366945
0.155229727631486
0.1530142695551921
0.15081187529553264
0.14862262777140628
0.14644660940674506
0.14428390212741052
0.14213458735810913
0.13999874601932769
0.137876458524285
0.1357678047759056
0.1336728641638117
0.13159171556133298
0.12952443732253835
0.12747110727928496
0.12543180273828783
0.12340660047821103
0.12139557674677517
0.11939880725788635
0.11741636718878785
0.11544833117722698
0.11349477331864864
0.11155576716340065
0.10963138571396941
0.107721701422229
0.1058267861867132
0.10394671134991018
0.10208154769557423
0.10023136544606345
0.09839623425969361
0.09657622322811629
0.09477140087371848
0.0929818351470413
0.09120759342422359
0.08944874250446282
0.08770534860750255
0.08597747737113698
0.08426519384874231
0.0825685625068246
0.08088764722259555
0.07922251128156538
0.07757321737516071
0.07593982759836587
0.07432240344738135
0.0727210058173134
0.07113569499987778
0.0695665306811298
0.06801357193922042
0.06647687724216711
0.06495650444565741
0.06345251079086817
0.061964952902309564
0.06049388678569647
0.05903936782583523
0.057601450784543554
0.056180189798585536
0.054775638377633336
0.05338784940225432
0.05201687512191957
0.05066276715303488
0.049325576477000664
0.048005353438289974
0.04670214774255363
0.04541600845475038
0.0441469839972962
0.042895122148245556
0.04166047003948955
0.04044307415498166
0.039242980328989686
0.03806023374436702
0.03689487893085466
0.03574695976340223
0.03461651946051812
0.03350360058264026
0.032408245030535965
0.031330494043722096
0.030270388198914363
0.029227967408498874
0.028203270919028776
0.02719633730974827
0.02620720449113819
0.025235909703490114
0.024282489515504286
0.023346979822911354
0.02242941584712283
0.021529832133903592
0.020648262552071972
0.01978474029222472
0.01893929786548665
0.018111967102287328
0.0173027791511624
0.016511764477580966
0.015738952862798243
0.014984373402734693
0.014248054506880591
0.013530023897226297
0.012830308607218326
0.01214893498074171
0.011485928671128761
0.010841314640191923
0.010215117157285384
0.009607359798390239
0.009018065445227569
0.008447256284396989
0.007894953806540435
0.007361178805534135
0.006845951377705328
0.0063492909210753345
0.005871216134629642
0.005411745017613645
0.0049708948688554095
0.004548682286113866
0.004145123165453967
0.0037602327006484894
0.003394025382606059
0.0030465149988251387
0.002717714632875331
0.0024076366639044417
0.0021162927661728084
0.001843693908613579
0.001589850354419523
0.0013547716606570868
0.0011384666779062488
0.0009409435499272874
0.0007622097133543998
0.0006022718974153698
0.00046113612367871203
0.0003388077058265144
0.00023529124945450373
0.00015059065189882787
8.470910208905693e-5
3.764908042864443e-5
9.412358700180197e-6
1.4043069687238142e-15
