-2.0
-1.9791666666666667
-1.9583333333333335
-1.9375000000000002
-1.916666666666667
-1.8958333333333337
-1.8750000000000004
-1.8541666666666672
-1.833333333333334
-1.8125000000000007
-1.7916666666666674
-1.7708333333333341
-1.7500000000000009
-1.7291666666666676
-1.7083333333333344
-1.687500000000001
-1.6666666666666679
-1.6458333333333346
-1.6250000000000013
-1.604166666666668
-1.5833333333333348
-1.5625000000000016
-1.5416666666666683
-1.520833333333335
-1.5000000000000018
-1.4791666666666685
-1.4583333333333353
-1.437500000000002
-1.4166666666666687
-1.3958333333333355
-1.3750000000000022
-1.354166666666669
-1.3333333333333357
-1.3125000000000024
-1.2916666666666692
-1.270833333333336
-1.2500000000000027
-1.2291666666666694
-1.2083333333333361
-1.1875000000000029
-1.1666666666666696
-1.1458333333333364
-1.125000000000003
-1.1041666666666698
-1.0833333333333366
-1.0625000000000033
-1.04166666666667
-1.0208333333333368
-1.0000000000000036
-0.9791666666666702
-0.9583333333333368
-0.9375000000000034
-0.9166666666666701
-0.8958333333333367
-0.8750000000000033
-0.85416666666667
-0.8333333333333366
-0.8125000000000032
-0.7916666666666698
-0.7708333333333365
-0.7500000000000031
-0.7291666666666697
-0.7083333333333364
-0.687500000000003
-0.6666666666666696
-0.6458333333333363
-0.6250000000000029
-0.6041666666666695
-0.5833333333333361
-0.5625000000000028
-0.5416666666666694
-0.520833333333336
-0.5000000000000027
-0.47916666666666935
-0.45833333333333603
-0.4375000000000027
-0.4166666666666694
-0.3958333333333361
-0.3750000000000028
-0.35416666666666946
-0.33333333333333615
-0.31250000000000283
-0.2916666666666695
-0.2708333333333362
-0.2500000000000029
-0.22916666666666954
-0.2083333333333362
-0.18750000000000286
-0.16666666666666952
-0.14583333333333617
-0.12500000000000283
-0.1041666666666695
-0.08333333333333617
-0.06250000000000284
-0.041666666666669516
-0.020833333333336184
-2.851885394505871e-15
0.02083333333333048
0.04166666666666381
0.06249999999999714
0.08333333333333047
0.1041666666666638
0.12499999999999713
0.14583333333333046
0.1666666666666638
0.18749999999999714
0.20833333333333048
0.22916666666666383
0.24999999999999717
0.2708333333333305
0.2916666666666638
0.3124999999999971
0.33333333333333043
0.35416666666666374
0.37499999999999706
0.3958333333333304
0.4166666666666637
0.437499999999997
0.4583333333333303
0.47916666666666363
0.49999999999999695
0.5208333333333303
0.5416666666666636
0.562499999999997
0.5833333333333304
0.6041666666666637
0.6249999999999971
0.6458333333333305
0.6666666666666639
0.6874999999999972
0.7083333333333306
0.729166666666664
0.7499999999999973
0.7708333333333307
0.7916666666666641
0.8124999999999974
0.8333333333333308
0.8541666666666642
0.8749999999999976
0.8958333333333309
0.9166666666666643
0.9374999999999977
0.958333333333331
0.9791666666666644
0.9999999999999978
1.020833333333331
1.0416666666666643
1.0624999999999976
1.0833333333333308
1.104166666666664
1.1249999999999973
1.1458333333333306
1.1666666666666639
1.1874999999999971
1.2083333333333304
1.2291666666666636
1.249999999999997
1.2708333333333302
1.2916666666666634
1.3124999999999967
1.33333333333333
1.3541666666666632
1.3749999999999964
1.3958333333333297
1.416666666666663
1.4374999999999962
1.4583333333333295
1.4791666666666627
1.499999999999996
1.5208333333333293
1.5416666666666625
1.5624999999999958
1.583333333333329
1.6041666666666623
1.6249999999999956
1.6458333333333288
1.666666666666662
1.6874999999999953
1.7083333333333286
1.7291666666666619
1.7499999999999951
1.7708333333333284
1.7916666666666616
1.812499999999995
1.8333333333333282
1.8541666666666614
1.8749999999999947
1.895833333333328
1.9166666666666612
1.9374999999999944
1.9583333333333277
1.979166666666661
1.9999999999999942
