-2.5100331922410195e-5
0.0001254978797261816
0.0005772017999405017
0.001329739339169167
0.002382657196938052
0.0037353211349003324
0.005386916358879716
0.007336448009669561
0.009582741762302028
0.012124444533414418
0.014960025296297896
0.0180877760031298
0.02150581261383862
0.025212076230979204
0.029204334339933902
0.033480182153699
0.038037044061433996
0.042872175179919876
0.04798266300696651
0.053365429175801574
0.059017231309358056
0.06493466497336593
0.07111416572705381
0.07755201127023284
0.08424432368547588
0.09118707177402294
0.09837607348403497
0.10580699842969346
0.11347537049967323
0.12137657055337604
0.1295058392033356
0.1378582796820909
0.14642886079181397
0.15521241993491983
0.1642036662238183
0.17339718366795095
0.18278743443617537
0.19236876219255458
0.202135395503515
0.212081451314349
0.22220093849294384
0.2324877614386147
0.24293572375386788
0.25353853197687876
0.2642897993724399
0.27518304977908636
0.28621172151009966
0.2973691713060153
0.3086486783362816
0.3200434482476314
0.33154661725674883
0.34315125628475257
0.3548503751310174
0.36663692668381065
0.37850381116520204
0.39044388040771255
0.4024499421600991
0.41451476441969554
0.42663107978870707
0.438791589851814
0.45098896957246354
0.46321587170520195
0.47546493122137845
0.4877287697455626
0.5000000000000001
0.5122712302544384
0.5245350687786213
0.5367841282947979
0.5490110304275369
0.5612084101481868
0.5733689202112927
0.5854852355803039
0.5975500578399021
0.6095561195922874
0.621496188834799
0.6333630733161897
0.6451496248689825
0.6568487437152475
0.668453382743252
0.6799565517523682
0.6913513216637177
0.7026308286939857
0.7137882784899012
0.7248169502209145
0.7357102006275602
0.746461468023121
0.7570642762461324
0.7675122385613857
0.7777990615070561
0.7879185486856505
0.7978646044964857
0.8076312378074462
0.8172125655638252
0.8266028163320488
0.8357963337761816
0.8447875800650803
0.8535711392081868
0.8621417203179093
0.8704941607966639
0.8786234294466245
0.8865246295003275
0.8941930015703069
0.9016239265159649
0.9088129282259765
0.9157556763145248
0.9224479887297676
0.9288858342729464
0.9350653350266336
0.9409827686906422
0.9466345708241991
0.9520173369930337
0.95712782482008
0.9619629559385658
0.9665198178463013
0.9707956656600664
0.9747879237690208
0.9784941873861613
0.9819122239968701
0.9850399747037023
0.9878755554665857
0.9904172582376979
0.9926635519903301
0.9946130836411206
0.9962646788650996
0.997617342803062
0.9986702606608308
0.9994227982000595
0.9998745021202738
1.0000251003319223
0.9998745021202738
0.9994227982000595
0.9986702606608305
0.997617342803062
0.9962646788650994
0.9946130836411203
0.9926635519903302
0.9904172582376977
0.9878755554665857
0.9850399747037022
0.9819122239968703
0.978494187386161
0.9747879237690205
0.9707956656600664
0.9665198178463011
0.9619629559385658
0.9571278248200795
0.9520173369930337
0.9466345708241988
0.9409827686906419
0.9350653350266336
0.9288858342729464
0.9224479887297673
0.9157556763145244
0.9088129282259767
0.9016239265159645
0.8941930015703068
0.8865246295003272
0.8786234294466243
0.8704941607966634
0.8621417203179094
0.8535711392081863
0.8447875800650803
0.8357963337761811
0.8266028163320482
0.8172125655638252
0.8076312378074458
0.7978646044964859
0.7879185486856499
0.7777990615070558
0.7675122385613855
0.7570642762461323
0.7464614680231206
0.7357102006275602
0.7248169502209142
0.713788278489901
0.7026308286939853
0.6913513216637176
0.6799565517523678
0.6684533827432516
0.6568487437152472
0.6451496248689823
0.6333630733161894
0.6214961888347985
0.6095561195922871
0.5975500578399018
0.5854852355803035
0.5733689202112926
0.5612084101481867
0.5490110304275363
0.5367841282947978
0.5245350687786213
0.5122712302544375
0.5000000000000004
0.4877287697455619
0.4754649312213781
0.46321587170520184
0.4509889695724631
0.4387915898518134
0.42663107978870707
0.4145147644196954
0.40244994216009805
0.39044388040771283
0.3785038111652017
0.3666369266838096
0.3548503751310176
0.34315125628475224
0.33154661725674833
0.3200434482476314
0.30864867833628157
0.2973691713060147
0.2862117215100989
0.275183049779086
0.26428979937243946
0.253538531976879
0.24293572375386752
0.23248776143861447
0.22220093849294387
0.21208145131434897
0.20213539550351445
0.192368762192554
0.1827874344361753
0.17339718366795073
0.16420366622381843
0.15521241993491958
0.14642886079181375
0.13785827968209052
0.12950583920333575
0.12137657055337564
0.11347537049967267
0.10580699842969343
0.09837607348403475
0.09118707177402327
0.084244323685475
0.07755201127023276
0.07111416572705351
0.06493466497336603
0.059017231309357855
0.05336542917580143
0.0479826630069665
0.04287217517991965
0.038037044061434204
0.03348018215369856
0.02920433433993392
0.025212076230979003
0.021505812613838698
0.01808777600312969
0.014960025296297816
0.012124444533414332
0.00958274176230195
0.007336448009669648
0.0053869163588795245
0.003735321134900358
0.0023826571969379645
0.0013297393391692013
0.0005772017999404433
0.00012549787972618743
-2.5100331922418408e-5
0.0001254978797261857
0.0005772017999404549
0.00132973933916922
0.0023826571969379614
0.003735321134900396
0.005386916358879557
0.007336448009669689
0.009582741762302047
0.012124444533414389
0.014960025296297813
0.018087776003129732
0.02150581261383885
0.025212076230979
0.029204334339934027
0.03348018215369854
0.03803704406143432
0.042872175179919834
0.04798266300696661
0.053365429175801414
0.059017231309357945
0.0649346649733663
0.07111416572705347
0.07755201127023306
0.08424432368547499
0.09118707177402344
0.09837607348403471
0.10580699842969365
0.11347537049967282
0.12137657055337578
0.12950583920333616
0.1378582796820904
0.14642886079181425
0.15521241993491947
0.16420366622381868
0.17339718366795068
0.18278743443617557
0.19236876219255394
0.2021353955035146
0.21208145131434936
0.22220093849294378
0.232487761438615
0.2429357237538675
0.2535385319768792
0.2642897993724395
0.2751830497790863
0.28621172151009894
0.2973691713060149
0.3086486783362818
0.3200434482476318
0.3315466172567487
0.34315125628475224
0.35485037513101797
0.36663692668381
0.378503811165202
0.3904438804077127
0.4024499421600984
0.41451476441969554
0.42663107978870723
0.4387915898518139
0.45098896957246337
0.46321587170520223
0.4754649312213786
0.48772876974556223
0.5000000000000002
0.5122712302544377
0.5245350687786214
0.5367841282947978
0.5490110304275369
0.561208410148186
0.5733689202112932
0.5854852355803043
0.5975500578399019
0.6095561195922873
0.6214961888347983
0.6333630733161898
0.6451496248689822
0.6568487437152479
0.6684533827432512
0.6799565517523685
0.6913513216637183
0.7026308286939851
0.7137882784899012
0.7248169502209139
0.7357102006275604
0.7464614680231209
0.7570642762461327
0.7675122385613851
0.7777990615070562
0.7879185486856508
0.7978646044964856
0.807631237807446
0.8172125655638246
0.826602816332049
0.8357963337761816
0.8447875800650803
0.853571139208186
0.8621417203179096
0.8704941607966644
0.878623429446624
0.8865246295003274
0.894193001570306
0.9016239265159655
0.9088129282259764
0.9157556763145248
0.9224479887297669
0.9288858342729467
0.935065335026634
0.940982768690642
0.9466345708241991
0.9520173369930331
0.9571278248200801
0.9619629559385657
0.9665198178463011
0.9707956656600658
0.974787923769021
0.9784941873861613
0.9819122239968704
0.985039974703702
0.9878755554665857
0.9904172582376979
0.9926635519903302
0.9946130836411203
0.9962646788650993
0.997617342803062
0.9986702606608308
0.9994227982000597
0.9998745021202736
1.0000251003319223
0.9998745021202736
0.9994227982000597
0.9986702606608308
0.997617342803062
0.9962646788650994
0.9946130836411202
0.9926635519903302
0.9904172582376979
0.9878755554665857
0.985039974703702
0.9819122239968703
0.978494187386161
0.974787923769021
0.9707956656600658
0.9665198178463013
0.9619629559385657
0.9571278248200801
0.9520173369930334
0.9466345708241988
0.940982768690642
0.9350653350266336
0.9288858342729466
0.9224479887297667
0.9157556763145246
0.9088129282259767
0.9016239265159651
0.8941930015703062
0.8865246295003274
0.8786234294466242
0.8704941607966641
0.8621417203179096
0.8535711392081857
0.84478758006508
0.835796333776181
0.8266028163320491
0.8172125655638246
0.807631237807446
0.7978646044964854
0.7879185486856507
0.7777990615070561
0.7675122385613855
0.7570642762461323
0.7464614680231206
0.73571020062756
0.7248169502209139
0.7137882784899011
0.7026308286939851
0.6913513216637183
0.6799565517523685
0.6684533827432513
0.6568487437152476
0.645149624868982
0.6333630733161898
0.621496188834798
0.6095561195922874
0.5975500578399014
0.5854852355803045
0.5733689202112927
0.5612084101481862
0.5490110304275367
0.5367841282947978
0.5245350687786211
0.5122712302544379
0.4999999999999999
0.4877287697455622
0.4754649312213786
0.4632158717052021
0.45098896957246337
0.43879158985181343
0.4266310797887072
0.4145147644196952
0.4024499421600984
0.3904438804077125
0.37850381116520193
0.36663692668381015
0.35485037513101764
0.3431512562847523
0.3315466172567483
0.3200434482476318
0.30864867833628135
0.2973691713060148
0.2862117215100987
0.27518304977908614
0.26428979937243974
0.25353853197687903
0.24293572375386757
0.23248776143861455
0.22220093849294384
0.21208145131434908
0.20213539550351456
0.1923687621925538
0.18278743443617543
0.1733971836679507
0.16420366622381866
0.1552124199349197
0.14642886079181383
0.1378582796820906
0.12950583920333578
0.12137657055337578
0.11347537049967257
0.10580699842969357
0.09837607348403475
0.09118707177402331
0.08424432368547514
0.07755201127023287
0.0711141657270536
0.06493466497336609
0.0590172313093579
0.05336542917580119
0.04798266300696662
0.042872175179919814
0.03803704406143425
0.03348018215369858
0.029204334339933937
0.025212076230979093
0.021505812613838736
0.01808777600312973
0.014960025296297702
0.012124444533414352
0.009582741762302038
0.007336448009669685
0.005386916358879543
0.0037353211349003728
0.002382657196937971
0.001329739339169203
0.0005772017999404575
0.00012549787972617276
-2.510033192241125e-5
0.00012549787972617274
0.0005772017999404576
0.0013297393391692033
0.0023826571969379705
0.0037353211349003728
0.005386916358879542
0.007336448009669683
0.009582741762302038
0.012124444533414354
0.014960025296297702
0.018087776003129732
0.021505812613838736
0.025212076230979093
0.02920433433993393
0.03348018215369858
0.03803704406143425
0.042872175179919814
0.04798266300696662
0.05336542917580118
0.05901723130935791
0.06493466497336609
0.07111416572705362
0.07755201127023285
0.08424432368547514
0.09118707177402333
0.09837607348403474
0.10580699842969357
0.11347537049967257
0.1213765705533758
0.12950583920333575
0.13785827968209063
0.14642886079181383
0.1552124199349197
0.16420366622381868
0.1733971836679507
0.18278743443617543
0.1923687621925538
0.2021353955035146
0.21208145131434908
0.22220093849294384
0.23248776143861455
0.24293572375386757
0.253538531976879
0.2642897993724398
0.2751830497790861
0.2862117215100987
0.2973691713060148
0.30864867833628135
0.3200434482476318
0.33154661725674833
0.34315125628475235
0.35485037513101764
0.3666369266838102
0.37850381116520193
0.3904438804077125
0.4024499421600984
0.4145147644196952
0.4266310797887072
0.43879158985181355
0.45098896957246337
0.463215871705202
0.4754649312213786
0.4877287697455622
0.4999999999999999
0.5122712302544379
0.5245350687786211
0.5367841282947978
0.5490110304275367
0.5612084101481862
0.5733689202112926
0.5854852355803046
0.5975500578399013
0.6095561195922875
0.6214961888347978
0.6333630733161899
0.645149624868982
0.6568487437152475
0.6684533827432514
0.6799565517523682
0.6913513216637184
0.7026308286939851
0.7137882784899011
0.7248169502209137
0.73571020062756
0.7464614680231207
0.7570642762461323
0.7675122385613854
0.7777990615070561
0.7879185486856506
0.7978646044964854
0.807631237807446
0.8172125655638246
0.826602816332049
0.835796333776181
0.8447875800650803
0.8535711392081857
0.8621417203179096
0.8704941607966641
0.878623429446624
0.8865246295003272
0.8941930015703065
0.9016239265159649
0.9088129282259767
0.9157556763145246
0.9224479887297667
0.9288858342729466
0.9350653350266336
0.940982768690642
0.9466345708241989
0.9520173369930331
0.9571278248200803
0.9619629559385655
0.9665198178463013
0.9707956656600658
0.974787923769021
0.978494187386161
0.9819122239968703
0.9850399747037022
0.9878755554665857
0.9904172582376979
0.9926635519903302
0.9946130836411203
0.9962646788650993
0.997617342803062
0.9986702606608308
0.9994227982000597
0.9998745021202736
1.0000251003319223
0.9998745021202736
0.9994227982000597
0.9986702606608308
0.997617342803062
0.9962646788650994
0.9946130836411202
0.9926635519903302
0.9904172582376979
0.9878755554665857
0.985039974703702
0.9819122239968704
0.9784941873861615
0.9747879237690208
0.9707956656600658
0.9665198178463013
0.9619629559385657
0.9571278248200801
0.9520173369930331
0.9466345708241989
0.9409827686906422
0.9350653350266338
0.9288858342729467
0.9224479887297671
0.9157556763145246
0.9088129282259767
0.9016239265159653
0.8941930015703062
0.8865246295003275
0.8786234294466237
0.8704941607966644
0.8621417203179094
0.853571139208186
0.8447875800650804
0.8357963337761813
0.826602816332049
0.8172125655638245
0.8076312378074462
0.7978646044964854
0.7879185486856509
0.7777990615070562
0.7675122385613852
0.7570642762461325
0.746461468023121
0.7357102006275604
0.7248169502209137
0.7137882784899012
0.7026308286939851
0.6913513216637182
0.6799565517523685
0.6684533827432512
0.6568487437152479
0.6451496248689822
0.6333630733161898
0.6214961888347983
0.6095561195922873
0.5975500578399018
0.5854852355803044
0.5733689202112932
0.561208410148186
0.5490110304275367
0.5367841282947978
0.5245350687786215
0.5122712302544377
0.5000000000000002
0.48772876974556223
0.47546493122137856
0.4632158717052023
0.45098896957246337
0.4387915898518139
0.4266310797887072
0.41451476441969554
0.4024499421600984
0.3904438804077127
0.378503811165202
0.3666369266838099
0.354850375131018
0.3431512562847522
0.3315466172567488
0.32004344824763176
0.30864867833628185
0.29736917130601487
0.28621172151009894
0.2751830497790863
0.2642897993724395
0.2535385319768792
0.2429357237538675
0.23248776143861496
0.22220093849294384
0.21208145131434936
0.20213539550351464
0.19236876219255392
0.18278743443617557
0.1733971836679507
0.16420366622381868
0.15521241993491947
0.14642886079181425
0.1378582796820904
0.12950583920333616
0.12137657055337578
0.11347537049967282
0.10580699842969365
0.09837607348403471
0.09118707177402344
0.08424432368547499
0.07755201127023305
0.07111416572705347
0.06493466497336631
0.059017231309357945
0.053365429175801414
0.0479826630069666
0.04287217517991984
0.03803704406143432
0.03348018215369854
0.02920433433993403
0.025212076230979
0.021505812613838854
0.01808777600312973
0.014960025296297816
0.012124444533414385
0.009582741762302048
0.007336448009669689
0.005386916358879557
0.003735321134900396
0.0023826571969379614
0.00132973933916922
0.0005772017999404549
0.0001254978797261857
-2.51003319224184e-5
0.0001254978797261874
0.0005772017999404434
0.0013297393391692011
0.002382657196937965
0.003735321134900358
0.0053869163588795245
0.007336448009669648
0.00958274176230195
0.012124444533414333
0.014960025296297813
0.018087776003129694
0.021505812613838694
0.025212076230979
0.029204334339933927
0.03348018215369855
0.03803704406143421
0.04287217517991965
0.0479826630069665
0.05336542917580143
0.059017231309357855
0.06493466497336603
0.07111416572705351
0.07755201127023276
0.08424432368547502
0.09118707177402327
0.09837607348403475
0.10580699842969342
0.11347537049967267
0.12137657055337564
0.12950583920333572
0.13785827968209052
0.14642886079181378
0.15521241993491958
0.16420366622381843
0.17339718366795076
0.18278743443617526
0.192368762192554
0.20213539550351445
0.21208145131434897
0.22220093849294392
0.2324877614386144
0.24293572375386757
0.2535385319768789
0.2642897993724395
0.275183049779086
0.2862117215100989
0.2973691713060147
0.3086486783362816
0.32004344824763137
0.3315466172567484
0.34315125628475224
0.3548503751310175
0.36663692668380954
0.3785038111652018
0.3904438804077127
0.40244994216009805
0.41451476441969554
0.42663107978870707
0.43879158985181327
0.4509889695724632
0.46321587170520184
0.4754649312213781
0.4877287697455619
0.5000000000000004
0.5122712302544375
0.5245350687786213
0.5367841282947978
0.5490110304275363
0.5612084101481866
0.5733689202112926
0.5854852355803035
0.5975500578399017
0.6095561195922872
0.6214961888347984
0.6333630733161895
0.6451496248689823
0.656848743715247
0.6684533827432516
0.6799565517523678
0.6913513216637176
0.7026308286939853
0.7137882784899011
0.7248169502209141
0.7357102006275603
0.7464614680231206
0.7570642762461322
0.7675122385613855
0.7777990615070558
0.7879185486856499
0.7978646044964858
0.8076312378074458
0.8172125655638252
0.8266028163320482
0.8357963337761811
0.8447875800650804
0.8535711392081863
0.8621417203179094
0.8704941607966634
0.8786234294466242
0.8865246295003272
0.8941930015703068
0.9016239265159645
0.9088129282259767
0.9157556763145244
0.9224479887297674
0.9288858342729464
0.9350653350266335
0.940982768690642
0.9466345708241986
0.9520173369930339
0.9571278248200794
0.9619629559385661
0.9665198178463009
0.9707956656600664
0.9747879237690205
0.9784941873861611
0.9819122239968701
0.9850399747037023
0.9878755554665855
0.9904172582376977
0.9926635519903304
0.9946130836411203
0.9962646788650993
0.997617342803062
0.9986702606608305
0.9994227982000595
0.9998745021202738
1.0000251003319223
0.9998745021202738
0.9994227982000594
0.998670260660831
0.9976173428030618
0.9962646788650996
0.9946130836411206
0.9926635519903302
0.9904172582376979
0.9878755554665857
0.9850399747037022
0.9819122239968703
0.978494187386161
0.974787923769021
0.9707956656600661
0.9665198178463015
0.9619629559385658
0.95712782482008
0.9520173369930337
0.9466345708241991
0.940982768690642
0.9350653350266338
0.9288858342729464
0.9224479887297674
0.9157556763145249
0.9088129282259765
0.9016239265159648
0.8941930015703069
0.8865246295003274
0.8786234294466245
0.8704941607966639
0.8621417203179093
0.8535711392081868
0.84478758006508
0.8357963337761817
0.8266028163320487
0.8172125655638252
0.8076312378074462
0.7978646044964857
0.7879185486856505
0.7777990615070561
0.767512238561386
0.7570642762461322
0.746461468023121
0.7357102006275604
0.7248169502209143
0.7137882784899012
0.7026308286939857
0.6913513216637177
0.6799565517523684
0.6684533827432518
0.6568487437152476
0.6451496248689825
0.6333630733161897
0.621496188834799
0.6095561195922874
0.5975500578399021
0.5854852355803039
0.5733689202112927
0.5612084101481868
0.549011030427537
0.5367841282947978
0.5245350687786213
0.5122712302544384
0.5
0.4877287697455626
0.47546493122137845
0.46321587170520195
0.45098896957246354
0.43879158985181405
0.42663107978870707
0.4145147644196954
0.4024499421600992
0.3904438804077125
0.3785038111652021
0.36663692668381065
0.3548503751310174
0.34315125628475257
0.3315466172567489
0.3200434482476314
0.30864867833628157
0.2973691713060153
0.28621172151009966
0.2751830497790863
0.26428979937243996
0.2535385319768787
0.24293572375386793
0.2324877614386147
0.22220093849294384
0.212081451314349
0.202135395503515
0.19236876219255458
0.18278743443617534
0.17339718366795093
0.16420366622381832
0.1552124199349198
0.14642886079181397
0.13785827968209094
0.12950583920333555
0.1213765705533761
0.1134753704996732
0.10580699842969349
0.09837607348403495
0.09118707177402297
0.08424432368547587
0.07755201127023283
0.07111416572705383
0.06493466497336593
0.059017231309358056
0.05336542917580156
0.04798266300696651
0.042872175179919876
0.038037044061433996
0.033480182153699
0.029204334339933902
0.0252120762309792
0.02150581261383862
0.0180877760031298
0.0149600252962979
0.012124444533414417
0.009582741762302028
0.007336448009669562
0.005386916358879716
0.003735321134900333
0.002382657196938052
0.0013297393391691668
0.0005772017999405017
0.0001254978797261816
-2.5100331922410198e-5
