5.744861357215553e-10
1.034070718477665e-8
3.791556586114848e-8
8.387251012272442e-8
1.4820980971651864e-7
2.3092504237955645e-7
3.3201509393010885e-7
4.5147615838482735e-7
5.89303738102198e-7
7.454926439517392e-7
9.200369955093746e-7
1.1129302212789843e-6
1.324165058939615e-6
1.5537335556189874e-6
1.8016270681930369e-6
2.0678362636110575e-6
2.352351119247281e-6
2.6551609232783035e-6
2.976254275086021e-6
3.3156190856873356e-6
3.6732425781889196e-6
4.0491112882683004e-6
4.443211064681122e-6
4.855527069793492e-6
5.286043780140801e-6
5.734744987012389e-6
6.201613797061295e-6
6.686632632940662e-6
7.189783233965627e-6
7.711046656800222e-6
8.25040327617139e-6
8.807832785607222e-6
9.38331419820158e-6
9.976825847404751e-6
1.0588345387838514e-5
1.1217849796137714e-5
1.1865315371817402e-5
1.2530717738164421e-5
1.3214031843155714e-5
1.3915231960401683e-5
1.4634291690113931e-5
1.5371183960100305e-5
1.6125881026783292e-5
1.6898354476244656e-5
1.7688575225295914e-5
1.8496513522572386e-5
1.9322138949653706e-5
2.016542042220949e-5
2.1026326191168685e-5
2.1904823843915605e-5
2.2800880305510465e-5
2.3714461839933566e-5
2.4645534051356813e-5
2.559406188543763e-5
2.6560009630638893e-5
2.7543340919574306e-5
2.854401873037648e-5
2.9562005388091265e-5
3.059726256609676e-5
3.164975128754502e-5
3.271943192683049e-5
3.3806264211082064e-5
3.491020722167805e-5
3.603121939578846e-5
3.7169258527938446e-5
3.832428177159757e-5
3.949624564079396e-5
4.068510601175017e-5
4.1890818124545e-5
4.311333658479931e-5
4.435261536538369e-5
4.56086078081524e-5
4.688126662570032e-5
4.8170543903141724e-5
4.947639109991629e-5
5.079875905161503e-5
5.213759797183158e-5
5.349285745403781e-5
5.486448647347999e-5
5.62524333891006e-5
5.765664594548323e-5
5.9077071274818415e-5
6.051365589889521e-5
6.1966345731115e-5
6.343508607852604e-5
6.491982164388492e-5
6.642049652773666e-5
6.793705423051965e-5
6.946943765469407e-5
7.10175891068899e-5
7.258145030007975e-5
7.416096235577418e-5
7.575606580623657e-5
7.736670059672345e-5
7.899280608774585e-5
8.063432105735044e-5
8.229118370342698e-5
8.39633316460332e-5
8.565070192974367e-5
8.73532310260215e-5
8.907085483560832e-5
9.080350869093816e-5
9.255112735857334e-5
9.43136450416583e-5
9.609099538239826e-5
9.788311146455815e-5
9.968992581597959e-5
0.0001015113704111241
0.00010334737667363206
0.00010519787547890483
0.00010706279715670904
0.0001089420714937972
0.00011083562773655251
0.00011274339459365333
0.00011466530023875516
0.00011660127231319668
0.00011855123792872414
0.00012051512367023342
0.00012249285559853704
0.00012448435925314558
0.00012648955965507145
0.00012850838130965364
0.00013054074820939758
0.00013258658383683786
0.0001346458111674202
0.0001367183526723989
0.0001388041303217575
0.0001409030655871472
0.00014301507944484092
0.00014514009237871054
0.0001472780243832209
0.00014942879496643942
0.0001515923231530701
0.0001537685274874994
0.00015595732603686344
0.00015815863639413478
0.00016037237568122234
0.0001625984605520928
0.0001648368071959098
0.0001670873313401867
0.00016934994825396125
0.0001716245727509864
0.00017391111919293434
0.00017620950149262478
0.00017851963311726305
0.00018084142709169846
0.00018317479600170105
0.00018551965199724977
0.0001878759067958414
0.00019024347168581542
0.00019262225752969113
0.00019501217476752589
0.00019741313342028737
0.00019982504309323812
0.00020224781297934326
0.0002046813518626856
0.00020712556812190096
0.00020958036973362957
0.00021204566427597782
0.00021452135893199924
0.00021700736049319017
0.00021950357536299628
0.00022200990956033835
0.00022452626872315133
0.00022705255811193391
0.00022958868261331938
0.00023213454674365355
0.00023469005465259003
0.00023725511012670142
0.00023982961659309846
0.0002424134771230675
0.00024500659443572084
0.00024760887090165664
0.00025022020854663656
0.0002528405090552751
0.00025546967377473796
0.00025810760371846046
0.00026075419956987097
0.0002634093616861308
0.00026607299010188796
0.00026874498453303763
0.0002714252443804994
0.0002741136687340057
0.00027681015637589856
0.000279514605784942
0.00028222691514014536
0.0002849469823245932
0.00028767470492929443
0.00029040998025703444
0.0002931527053262425
0.0002959027768748708
0.0002986600913642795
0.00030142454498313605
0.0003041960336513253
0.0003069744530238645
0.0003097596984948344
0.0003125516652013183
0.00031535024802734643
0.00031815534160785835
0.0003209668403326659
0.00032378463835043027
0.0003266086295726498
0.0003294387076776507
0.00033227476611459144
0.00033511669810747585
0.0003379643966591698
0.0003408177545554323
0.00034367666436895217
0.00034654101846338963
0.0003494107089974328
0.0003522856279288551
0.00035516566701858273
0.0003580507178347727
0.0003609406717568922
0.0003638354199798089
0.00036673485351788947
0.000369638863209099
0.00037254733971911393
0.00037546017354543837
0.0003783772550215241
0.00038129847432090305
0.00038422372146131983
0.00038715288630887176
0.0003900858585821591
0.00039302252785643313
0.0003959627835677549
0.0003989065150171599
0.00040185361137482205
0.00040480396168422885
0.0004077574548663599
0.00041071397972386486
0.0004136734249452548
0.0004166356791090898
0.0004196006306881741
0.00042256816805375734
0.0004255381794797347
0.0004285105531468543
0.00043148517714692837
0.00043446193948704396
0.0004374407280937811
0.00044042143081743346
0.000443403935436227
0.0004463881296605494
0.00044937390113717484
0.0004523611374534938
0.0004553497261417483
0.00045833955468326323
0.00046133051051268316
0.000464322481022213
0.0004673153535658529
0.0004703090154636432
0.0004733033540059065
0.00047629825645748784
0.00047929361006200357
0.00048228930204608346
0.0004852852196236165
0.0004882812500000002
0.0004912772803763839
0.000494273197953917
0.0004972688899379967
0.0005002642435425126
0.0005032591459940938
0.0005062534845363571
0.0005092471464341475
0.0005122400189777875
0.0005152319894873173
0.0005182229453167373
0.0005212127738582521
0.0005242013625465067
0.0005271885988628255
0.0005301743703394511
0.0005331585645637735
0.000536141069182567
0.0005391217719062193
0.0005421005605129566
0.0005450773228530721
0.0005480519468531462
0.0005510243205202657
0.0005539943319462431
0.0005569618693118263
0.0005599268208909107
0.0005628890750547456
0.0005658485202761356
0.0005688050451336404
0.0005717585383157715
0.0005747088886251784
0.0005776559849828405
0.0005805997164322455
0.0005835399721435672
0.0005864766414178413
0.0005894096136911287
0.0005923387785386806
0.0005952640256790974
0.0005981852449784763
0.0006011023264545619
0.0006040151602808865
0.0006069236367909014
0.000609827646482111
0.0006127270800201914
0.0006156218282431082
0.0006185117821652276
0.0006213968329814176
0.0006242768720711452
0.0006271517910025675
0.0006300214815366109
0.0006328858356310482
0.000635744745444568
0.0006385981033408305
0.0006414458018925246
0.000644287733885409
0.0006471237923223498
0.0006499538704273505
0.0006527778616495701
0.0006555956596673345
0.000658407158392142
0.0006612122519726538
0.0006640108347986821
0.000666802801505166
0.0006695880469761359
0.0006723664663486752
0.0006751379550168643
0.0006779024086357209
0.0006806597231251296
0.000683409794673758
0.0006861525197429658
0.000688887795070706
0.0006916155176754073
0.0006943355848598551
0.0006970478942150582
0.0006997523436241017
0.0007024488312659947
0.000705137255619501
0.0007078175154669629
0.0007104895098981124
0.0007131531383138696
0.0007158083004301294
0.0007184548962815399
0.0007210928262252625
0.0007237219909447253
0.0007263422914533639
0.0007289536290983437
0.0007315559055642794
0.0007341490228769329
0.0007367328834069018
0.0007393073898732988
0.0007418724453474104
0.0007444279532563469
0.0007469738173866809
0.0007495099418880664
0.000752036231276849
0.0007545525904396619
0.000757058924637004
0.0007595551395068102
0.0007620411410680011
0.0007645168357240226
0.0007669821302663709
0.0007694369318780994
0.0007718811481373148
0.0007743146870206572
0.0007767374569067622
0.000779149366579713
0.0007815503252324744
0.0007839402424703091
0.0007863190283141849
0.000788686593204159
0.0007910428480027505
0.0007933877039982993
0.0007957210729083019
0.0007980428668827374
0.0008003529985073757
0.0008026513808070659
0.000804937927249014
0.0008072125517460389
0.0008094751686598136
0.0008117256928040905
0.0008139640394479075
0.000816190124318778
0.0008184038636058655
0.0008206051739631368
0.0008227939725125008
0.0008249701768469303
0.0008271337050335609
0.0008292844756167794
0.0008314224076212898
0.0008335474205551593
0.000835659434412853
0.0008377583696782427
0.0008398441473276014
0.00084191668883258
0.0008439759161631623
0.0008460217517906028
0.0008480541186903466
0.0008500729403449288
0.0008520781407468546
0.0008540696444014632
0.0008560473763297669
0.0008580112620712762
0.0008599612276868037
0.000861897199761245
0.0008638191054063471
0.0008657268722634477
0.000867620428506203
0.0008694997028432912
0.0008713646245210954
0.0008732151233263682
0.000875051129588876
0.0008768725741840205
0.0008786793885354421
0.000880471504617602
0.0008822488549583419
0.0008840113726414269
0.0008857589913090621
0.000887491645164392
0.0008892092689739787
0.0008909117980702566
0.0008925991683539669
0.0008942713162965732
0.0008959281789426497
0.0008975696939122545
0.0008991957994032768
0.0009008064341937637
0.0009024015376442261
0.0009039810496999205
0.0009055449108931103
0.0009070930623453062
0.0009086254457694805
0.0009101420034722636
0.0009116426783561153
0.0009131274139214743
0.0009145961542688853
0.000916048844101105
0.0009174854287251818
0.0009189058540545169
0.0009203100666108997
0.0009216980135265203
0.0009230696425459624
0.0009244249020281686
0.000925763740948385
0.0009270861089000839
0.0009283919560968584
0.0009296812333742999
0.0009309538921918477
0.0009322098846346165
0.0009334491634152009
0.0009346716818754552
0.00093587739398825
0.0009370662543592062
0.0009382382182284027
0.0009393932414720617
0.0009405312806042118
0.0009416522927783221
0.000942756235788918
0.0009438430680731697
0.0009449127487124551
0.0009459652374339033
0.0009470004946119089
0.0009480184812696237
0.0009490191590804259
0.0009500024903693614
0.0009509684381145625
0.0009519169659486434
0.0009528480381600666
0.0009537616196944896
0.0009546576761560845
0.0009555361738088314
0.0009563970795777906
0.0009572403610503463
0.0009580659864774277
0.0009588739247747041
0.0009596641455237553
0.0009604366189732168
0.0009611913160398997
0.0009619282083098862
0.0009626472680395984
0.0009633484681568444
0.0009640317822618357
0.0009646971846281827
0.0009653446502038625
0.0009659741546121616
0.0009665856741525954
0.0009671791858017985
0.0009677546672143929
0.0009683120967238286
0.0009688514533431999
0.0009693727167660344
0.0009698758673670594
0.0009703608862029387
0.0009708277550129876
0.0009712764562198593
0.0009717069729302066
0.0009721192889353189
0.0009725133887117317
0.0009728892574218112
0.0009732468809143127
0.0009735862457249141
0.0009739073390767218
0.0009742101488807527
0.000974494663736389
0.000974760872931807
0.0009750087664443809
0.0009752383349410605
0.0009754495697787209
0.0009756424630044905
0.0009758170073560483
0.0009759731962618978
0.0009761110238416151
0.00097623048490607
0.0009763315749576205
0.0009764142901902835
0.0009764786274898774
0.0009765245844341389
0.0009765521592928153
0.0009765613510277285
0.0009765521592928153
0.0009765245844341388
0.0009764786274898774
0.0009764142901902835
0.0009763315749576206
0.00097623048490607
0.0009761110238416151
0.0009759731962618978
0.0009758170073560484
0.0009756424630044905
0.0009754495697787209
0.0009752383349410604
0.0009750087664443809
0.0009747608729318068
0.000974494663736389
0.0009742101488807528
0.0009739073390767217
0.000973586245724914
0.0009732468809143126
0.0009728892574218111
0.0009725133887117317
0.000972119288935319
0.0009717069729302066
0.0009712764562198592
0.0009708277550129876
0.0009703608862029387
0.0009698758673670594
0.0009693727167660344
0.0009688514533431997
0.0009683120967238286
0.0009677546672143928
0.0009671791858017985
0.0009665856741525954
0.0009659741546121615
0.0009653446502038622
0.0009646971846281827
0.0009640317822618357
0.0009633484681568443
0.0009626472680395984
0.0009619282083098862
0.0009611913160398998
0.0009604366189732167
0.0009596641455237553
0.0009588739247747041
0.0009580659864774277
0.0009572403610503462
0.0009563970795777904
0.0009555361738088314
0.0009546576761560843
0.0009537616196944895
0.0009528480381600664
0.0009519169659486431
0.0009509684381145624
0.0009500024903693612
0.0009490191590804256
0.0009480184812696235
0.0009470004946119086
0.0009459652374339032
0.0009449127487124549
0.0009438430680731695
0.000942756235788918
0.0009416522927783221
0.0009405312806042116
0.0009393932414720616
0.0009382382182284025
0.0009370662543592061
0.0009358773939882499
0.000934671681875455
0.0009334491634152007
0.0009322098846346164
0.0009309538921918476
0.0009296812333742996
0.0009283919560968584
0.0009270861089000838
0.000925763740948385
0.0009244249020281684
0.0009230696425459623
0.0009216980135265201
0.0009203100666108996
0.0009189058540545169
0.0009174854287251816
0.0009160488441011048
0.0009145961542688849
0.0009131274139214739
0.000911642678356115
0.0009101420034722633
0.0009086254457694804
0.0009070930623453059
0.0009055449108931101
0.0009039810496999203
0.0009024015376442257
0.0009008064341937635
0.0008991957994032766
0.0008975696939122542
0.0008959281789426496
0.000894271316296573
0.0008925991683539668
0.0008909117980702563
0.0008892092689739785
0.0008874916451643917
0.0008857589913090619
0.0008840113726414268
0.0008822488549583418
0.0008804715046176018
0.0008786793885354419
0.0008768725741840204
0.0008750511295888759
0.000873215123326368
0.0008713646245210952
0.000869499702843291
0.0008676204285062029
0.0008657268722634475
0.0008638191054063469
0.0008618971997612449
0.0008599612276868033
0.0008580112620712759
0.0008560473763297666
0.000854069644401463
0.0008520781407468543
0.0008500729403449286
0.0008480541186903464
0.0008460217517906025
0.0008439759161631622
0.0008419166888325798
0.0008398441473276011
0.0008377583696782425
0.0008356594344128529
0.0008335474205551591
0.0008314224076212894
0.0008292844756167792
0.0008271337050335606
0.0008249701768469299
0.0008227939725125007
0.0008206051739631366
0.0008184038636058653
0.0008161901243187778
0.0008139640394479073
0.0008117256928040903
0.0008094751686598133
0.0008072125517460389
0.0008049379272490136
0.0008026513808070657
0.0008003529985073752
0.000798042866882737
0.0007957210729083017
0.0007933877039982991
0.0007910428480027503
0.0007886865932041587
0.0007863190283141847
0.0007839402424703089
0.0007815503252324742
0.0007791493665797128
0.0007767374569067619
0.0007743146870206568
0.0007718811481373145
0.0007694369318780991
0.0007669821302663704
0.0007645168357240222
0.0007620411410680008
0.0007595551395068099
0.0007570589246370038
0.0007545525904396616
0.0007520362312768488
0.0007495099418880661
0.0007469738173866806
0.0007444279532563465
0.00074187244534741
0.0007393073898732986
0.0007367328834069016
0.0007341490228769325
0.0007315559055642792
0.0007289536290983434
0.0007263422914533634
0.0007237219909447249
0.000721092826225262
0.0007184548962815398
0.000715808300430129
0.0007131531383138693
0.000710489509898112
0.0007078175154669624
0.0007051372556195008
0.0007024488312659942
0.0006997523436241015
0.0006970478942150581
0.0006943355848598547
0.0006916155176754069
0.0006888877950707056
0.0006861525197429656
0.0006834097946737576
0.0006806597231251291
0.0006779024086357206
0.000675137955016864
0.0006723664663486747
0.0006695880469761356
0.0006668028015051657
0.0006640108347986817
0.0006612122519726536
0.0006584071583921416
0.0006555956596673341
0.0006527778616495698
0.0006499538704273503
0.0006471237923223494
0.0006442877338854087
0.0006414458018925242
0.0006385981033408302
0.0006357447454445678
0.0006328858356310479
0.0006300214815366104
0.0006271517910025671
0.0006242768720711449
0.0006213968329814173
0.0006185117821652273
0.0006156218282431078
0.0006127270800201911
0.0006098276464821105
0.000606923636790901
0.0006040151602808862
0.0006011023264545616
0.000598185244978476
0.000595264025679097
0.0005923387785386802
0.0005894096136911283
0.000586476641417841
0.0005835399721435669
0.0005805997164322451
0.0005776559849828401
0.000574708888625178
0.0005717585383157712
0.0005688050451336401
0.0005658485202761352
0.0005628890750547452
0.0005599268208909102
0.0005569618693118259
0.0005539943319462428
0.0005510243205202655
0.0005480519468531455
0.0005450773228530717
0.0005421005605129564
0.0005391217719062189
0.0005361410691825666
0.0005331585645637728
0.0005301743703394505
0.0005271885988628256
0.0005242013625465062
0.0005212127738582517
0.0005182229453167369
0.0005152319894873166
0.0005122400189777873
0.0005092471464341474
0.0005062534845363568
0.0005032591459940936
0.0005002642435425119
0.0004972688899379963
0.0004942731979539169
0.0004912772803763835
0.00048828124999999984
0.0004852852196236162
0.0004822893020460828
0.0004792936100620034
0.0004762982564574878
0.0004733033540059061
0.000470309015463643
0.0004673153535658523
0.00046432248102221244
0.00046133051051268316
0.0004583395546832627
0.00045534972614174793
0.00045236113745349355
0.00044937390113717414
0.0004463881296605492
0.00044340393543622683
0.00044042143081743303
0.0004374407280937808
0.0004344619394870433
0.0004314851771469279
0.0004285105531468542
0.0004255381794797343
0.00042256816805375696
0.0004196006306881738
0.00041663567910908917
0.0004136734249452546
0.0004107139797238646
0.0004077574548663594
0.00040480396168422864
0.00040185361137482157
0.00039890651501715954
0.000395962783567755
0.0003930225278564327
0.0003900858585821588
0.0003871528863088715
0.0003842237214613192
0.00038129847432090294
0.0003783772550215239
0.000375460173545438
0.0003725473397191137
0.00036963886320909853
0.0003667348535178889
0.00036383541997980887
0.0003609406717568918
0.0003580507178347725
0.0003551656670185825
0.00035228562792885445
0.0003494107089974326
0.00034654101846338936
0.0003436766643689517
0.00034081775455543207
0.00033796439665916933
0.0003351166981074754
0.00033227476611459133
0.0003294387076776502
0.0003266086295726495
0.00032378463835043005
0.00032096684033266527
0.0003181553416078582
0.0003153502480273464
0.00031255166520131785
0.0003097596984948342
0.0003069744530238639
0.00030419603365132485
0.00030142454498313583
0.00029866009136427906
0.00029590277687487044
0.00029315270532624226
0.00029040998025703385
0.0002876747049292941
0.00028494698232459304
0.00028222691514014493
0.00027951460578494176
0.000276810156375898
0.0002741136687340053
0.0002714252443804991
0.00026874498453303725
0.00026607299010188764
0.0002634093616861306
0.00026075419956987037
0.00025810760371846014
0.0002554696737747377
0.00025284050905527466
0.0002502202085466363
0.0002476088709016562
0.00024500659443572046
0.00024241347712306726
0.00023982961659309806
0.00023725511012670112
0.00023469005465258984
0.00023213454674365298
0.0002295886826133191
0.0002270525581119337
0.00022452626872315092
0.00022200990956033813
0.00021950357536299582
0.00021700736049318984
0.00021452135893199905
0.00021204566427597744
0.00020958036973362927
0.00020712556812190077
0.00020468135186268503
0.000202247812979343
0.00019982504309323795
0.000197413133420287
0.0001950121747675257
0.00019262225752969067
0.00019024347168581504
0.00018787590679584121
0.0001855196519972494
0.00018317479600170073
0.00018084142709169827
0.00017851963311726253
0.00017620950149262453
0.00017391111919293412
0.000171624572750986
0.00016934994825396106
0.00016708733134018625
0.00016483680719590944
0.00016259846055209263
0.00016037237568122201
0.0001581586363941345
0.00015595732603686325
0.00015376852748749887
0.00015159232315306985
0.00014942879496643923
0.00014727802438322058
0.00014514009237871038
0.00014301507944484054
0.00014090306558714688
0.0001388041303217573
0.00013671835267239856
0.00013464581116741993
0.00013258658383683784
0.00013054074820939722
0.0001285083813096534
0.00012648955965507128
0.00012448435925314525
0.00012249285559853685
0.00012051512367023331
0.00011855123792872384
0.00011660127231319652
0.00011466530023875488
0.0001127433945936531
0.00011083562773655248
0.0001089420714937969
0.0001070627971567088
0.00010519787547890469
0.00010334737667363176
0.00010151137041112396
9.968992581597952e-5
9.788311146455785e-5
9.609099538239811e-5
9.4313645041658e-5
9.255112735857313e-5
9.080350869093813e-5
8.907085483560803e-5
8.735323102602131e-5
8.565070192974352e-5
8.396333164603294e-5
8.229118370342683e-5
8.063432105735036e-5
7.899280608774559e-5
7.73667005967233e-5
7.575606580623631e-5
7.4160962355774e-5
7.258145030007975e-5
7.101758910688965e-5
6.94694376546939e-5
6.793705423051953e-5
6.642049652773644e-5
6.491982164388479e-5
6.343508607852597e-5
6.196634573111478e-5
6.051365589889509e-5
5.9077071274818205e-5
5.7656645945483074e-5
5.6252433389100584e-5
5.486448647347978e-5
5.349285745403764e-5
5.2137597971831474e-5
5.079875905161482e-5
4.9476391099916184e-5
4.817054390314167e-5
4.6881266625700116e-5
4.560860780815229e-5
4.435261536538349e-5
4.3113336584799154e-5
4.1890818124544985e-5
4.068510601174999e-5
3.949624564079382e-5
3.832428177159748e-5
3.7169258527938264e-5
3.603121939578836e-5
3.4910207221678e-5
3.3806264211081895e-5
3.27194319268304e-5
3.164975128754482e-5
3.059726256609659e-5
2.9562005388091258e-5
2.8544018730376323e-5
2.754334091957419e-5
2.6560009630638812e-5
2.5594061885437414e-5
2.4645534051356732e-5
2.371446183993352e-5
2.280088030551033e-5
2.190482384391553e-5
2.1026326191168523e-5
2.016542042220936e-5
1.93221389496537e-5
1.8496513522572258e-5
1.768857522529582e-5
1.689835447624459e-5
1.6125881026783116e-5
1.537118396010024e-5
1.4634291690113895e-5
1.3915231960401572e-5
1.3214031843155656e-5
1.2530717738164292e-5
1.18653153718173e-5
1.1217849796137706e-5
1.0588345387838417e-5
9.976825847404679e-6
9.38331419820153e-6
8.807832785607092e-6
8.250403276171345e-6
7.7110466568002e-6
7.189783233965546e-6
6.68663263294062e-6
6.201613797061204e-6
5.734744987012316e-6
5.286043780140796e-6
4.855527069793427e-6
4.443211064681074e-6
4.049111288268268e-6
3.6732425781888353e-6
3.315619085687307e-6
2.9762542750860056e-6
2.6551609232782544e-6
2.3523511192472565e-6
2.0678362636110054e-6
1.8016270681929966e-6
1.5537335556189845e-6
1.3241650589395809e-6
1.11293022127896e-6
9.200369955093595e-7
7.454926439517011e-7
5.893037381021854e-7
4.514761583848218e-7
3.320150939300913e-7
2.3092504237954848e-7
1.4820980971650522e-7
8.387251012271548e-8
3.7915565861147736e-8
1.0340707184774117e-8
1.1489722714427436e-9
1.0340707184775584e-8
3.791556586115067e-8
8.387251012271988e-8
1.4820980971651107e-7
2.309250423795558e-7
3.320150939301001e-7
4.5147615838483216e-7
5.893037381021972e-7
7.454926439517144e-7
9.200369955093744e-7
1.1129302212789765e-6
1.3241650589395987e-6
1.5537335556190035e-6
1.801627068193017e-6
2.067836263611028e-6
2.3523511192472794e-6
2.6551609232782794e-6
2.9762542750860323e-6
3.3156190856873348e-6
3.6732425781888645e-6
4.0491112882683e-6
4.4432110646811055e-6
4.855527069793462e-6
5.286043780140831e-6
5.7347449870123524e-6
6.201613797061242e-6
6.686632632940659e-6
7.189783233965586e-6
7.71104665680024e-6
8.250403276171387e-6
8.807832785607138e-6
9.383314198201577e-6
9.976825847404726e-6
1.0588345387838466e-5
1.1217849796137757e-5
1.1865315371817351e-5
1.2530717738164346e-5
1.321403184315571e-5
1.391523196040163e-5
1.4634291690113955e-5
1.5371183960100305e-5
1.6125881026783177e-5
1.6898354476244656e-5
1.7688575225295884e-5
1.8496513522572325e-5
1.9322138949653767e-5
2.0165420422209427e-5
2.1026326191168587e-5
2.19048238439156e-5
2.2800880305510397e-5
2.3714461839933596e-5
2.4645534051356813e-5
2.5594061885437488e-5
2.656000963063889e-5
2.7543340919574266e-5
2.8544018730376404e-5
2.9562005388091343e-5
3.059726256609668e-5
3.1649751287544906e-5
3.271943192683049e-5
3.380626421108198e-5
3.49102072216781e-5
3.6031219395788464e-5
3.716925852793836e-5
3.832428177159758e-5
3.949624564079392e-5
4.068510601175008e-5
4.189081812454508e-5
4.311333658479926e-5
4.4352615365383587e-5
4.560860780815239e-5
4.6881266625700224e-5
4.817054390314178e-5
4.9476391099916286e-5
5.079875905161493e-5
5.213759797183158e-5
5.349285745403775e-5
5.486448647347988e-5
5.62524333891007e-5
5.765664594548318e-5
5.90770712748183e-5
6.051365589889521e-5
6.196634573111489e-5
6.34350860785261e-5
6.491982164388491e-5
6.642049652773655e-5
6.793705423051964e-5
6.9469437654694e-5
7.101758910688979e-5
7.258145030007986e-5
7.416096235577413e-5
7.575606580623645e-5
7.736670059672342e-5
7.899280608774574e-5
8.063432105735049e-5
8.229118370342697e-5
8.396333164603307e-5
8.565070192974365e-5
8.735323102602144e-5
8.907085483560817e-5
9.080350869093828e-5
9.255112735857326e-5
9.431364504165814e-5
9.609099538239825e-5
9.7883111464558e-5
9.968992581597965e-5
0.0001015113704111241
0.00010334737667363193
0.00010519787547890484
0.00010706279715670896
0.00010894207149379708
0.00011083562773655266
0.00011274339459365326
0.00011466530023875503
0.00011660127231319668
0.00011855123792872399
0.00012051512367023347
0.00012249285559853704
0.00012448435925314542
0.00012648955965507145
0.00012850838130965355
0.0001305407482093974
0.000132586583836838
0.00013464581116742015
0.00013671835267239875
0.0001388041303217575
0.00014090306558714704
0.0001430150794448407
0.00014514009237871054
0.0001472780243832207
0.00014942879496643942
0.00015159232315307004
0.00015376852748749903
0.0001559573260368634
0.0001581586363941347
0.00016037237568122218
0.0001625984605520928
0.00016483680719590963
0.00016708733134018647
0.00016934994825396125
0.0001716245727509862
0.00017391111919293434
0.0001762095014926247
0.0001785196331172627
0.00018084142709169849
0.00018317479600170092
0.00018551965199724958
0.0001878759067958414
0.00019024347168581526
0.00019262225752969086
0.0001950121747675259
0.00019741313342028715
0.00019982504309323814
0.00020224781297934315
0.00020468135186268524
0.00020712556812190093
0.00020958036973362946
0.00021204566427597763
0.00021452135893199924
0.00021700736049319
0.00021950357536299598
0.00022200990956033832
0.0002245262687231511
0.0002270525581119339
0.00022958868261331927
0.00023213454674365317
0.00023469005465259003
0.00023725511012670131
0.00023982961659309825
0.00024241347712306748
0.0002450065944357206
0.0002476088709016563
0.0002502202085466365
0.0002528405090552749
0.0002554696737747379
0.00025810760371846036
0.0002607541995698706
0.00026340936168613074
0.00026607299010188786
0.00026874498453303747
0.00027142524438049934
0.00027411366873400555
0.00027681015637589823
0.000279514605784942
0.00028222691514014515
0.00028494698232459315
0.00028767470492929427
0.0002904099802570341
0.0002931527053262425
0.00029590277687487065
0.0002986600913642793
0.00030142454498313605
0.00030419603365132507
0.0003069744530238642
0.00030975969849483435
0.00031255166520131807
0.00031535024802734665
0.00031815534160785835
0.00032096684033266543
0.0003237846383504302
0.0003266086295726497
0.00032943870767765046
0.0003322747661145916
0.0003351166981074756
0.00033796439665916955
0.00034081775455543223
0.00034367666436895195
0.0003465410184633897
0.00034941070899743284
0.0003522856279288547
0.0003551656670185827
0.0003580507178347726
0.000360940671756892
0.00036383541997980914
0.00036673485351788925
0.0003696388632090987
0.0003725473397191139
0.00037546017354543826
0.0003783772550215242
0.0003812984743209031
0.00038422372146131934
0.0003871528863088717
0.00039008585858215896
0.00039302252785643286
0.0003959627835677551
0.00039890651501715965
0.00040185361137482173
0.0004048039616842289
0.00040775745486635966
0.00041071397972386486
0.0004136734249452548
0.00041663567910908944
0.0004196006306881741
0.0004225681680537573
0.0004255381794797345
0.00042851055314685444
0.0004314851771469281
0.00043446193948704363
0.0004374407280937811
0.00044042143081743325
0.00044340393543622705
0.00044638812966054937
0.0004493739011371744
0.0004523611374534937
0.00045534972614174815
0.00045833955468326296
0.00046133051051268337
0.0004643224810222127
0.00046731535356585264
0.0004703090154636432
0.0004733033540059063
0.0004762982564574879
0.00047929361006200357
0.000482289302046083
0.0004852852196236164
0.0004882812500000001
0.0004912772803763837
0.0004942731979539172
0.0004972688899379965
0.0005002642435425123
0.0005032591459940939
0.0005062534845363569
0.0005092471464341476
0.0005122400189777874
0.0005152319894873167
0.0005182229453167371
0.000521212773858252
0.0005242013625465065
0.0005271885988628259
0.0005301743703394507
0.0005331585645637732
0.0005361410691825669
0.0005391217719062191
0.0005421005605129566
0.0005450773228530721
0.0005480519468531457
0.0005510243205202657
0.000553994331946243
0.000556961869311826
0.0005599268208909107
0.0005628890750547454
0.0005658485202761352
0.0005688050451336404
0.0005717585383157713
0.0005747088886251784
0.0005776559849828404
0.0005805997164322451
0.0005835399721435674
0.0005864766414178412
0.0005894096136911285
0.0005923387785386808
0.000595264025679097
0.000598185244978476
0.0006011023264545619
0.0006040151602808863
0.0006069236367909015
0.000609827646482111
0.000612727080020191
0.0006156218282431082
0.0006185117821652275
0.0006213968329814175
0.0006242768720711455
0.0006271517910025673
0.0006300214815366104
0.0006328858356310482
0.000635744745444568
0.0006385981033408307
0.0006414458018925245
0.0006442877338854085
0.0006471237923223498
0.0006499538704273505
0.00065277786164957
0.0006555956596673347
0.0006584071583921418
0.0006612122519726536
0.000664010834798682
0.0006668028015051658
0.000669588046976136
0.0006723664663486752
0.0006751379550168641
0.000677902408635721
0.0006806597231251296
0.0006834097946737577
0.0006861525197429661
0.0006888877950707058
0.000691615517675407
0.000694335584859855
0.0006970478942150581
0.0006997523436241019
0.0007024488312659947
0.0007051372556195009
0.0007078175154669628
0.0007104895098981124
0.0007131531383138695
0.0007158083004301296
0.0007184548962815399
0.0007210928262252623
0.0007237219909447252
0.0007263422914533637
0.0007289536290983438
0.0007315559055642794
0.0007341490228769327
0.0007367328834069019
0.0007393073898732988
0.00074187244534741
0.0007444279532563469
0.0007469738173866809
0.0007495099418880662
0.000752036231276849
0.0007545525904396617
0.0007570589246370042
0.0007595551395068102
0.0007620411410680009
0.0007645168357240226
0.0007669821302663706
0.0007694369318780993
0.0007718811481373149
0.0007743146870206571
0.000776737456906762
0.000779149366579713
0.0007815503252324742
0.0007839402424703092
0.0007863190283141848
0.0007886865932041587
0.0007910428480027505
0.0007933877039982992
0.0007957210729083017
0.0007980428668827375
0.0008003529985073754
0.0008026513808070657
0.0008049379272490139
0.0008072125517460389
0.0008094751686598137
0.0008117256928040905
0.0008139640394479073
0.000816190124318778
0.0008184038636058654
0.0008206051739631368
0.000822793972512501
0.0008249701768469301
0.0008271337050335607
0.0008292844756167796
0.0008314224076212894
0.0008335474205551594
0.0008356594344128531
0.0008377583696782425
0.0008398441473276014
0.00084191668883258
0.0008439759161631621
0.0008460217517906026
0.0008480541186903465
0.0008500729403449287
0.0008520781407468549
0.000854069644401463
0.0008560473763297666
0.0008580112620712762
0.0008599612276868035
0.000861897199761245
0.0008638191054063469
0.0008657268722634476
0.000867620428506203
0.0008694997028432912
0.0008713646245210952
0.0008732151233263683
0.0008750511295888759
0.0008768725741840205
0.0008786793885354421
0.0008804715046176017
0.0008822488549583419
0.0008840113726414268
0.0008857589913090619
0.0008874916451643919
0.0008892092689739786
0.0008909117980702563
0.0008925991683539672
0.0008942713162965732
0.0008959281789426497
0.0008975696939122545
0.0008991957994032766
0.0009008064341937637
0.000902401537644226
0.0009039810496999202
0.0009055449108931103
0.000907093062345306
0.0009086254457694805
0.0009101420034722637
0.0009116426783561153
0.0009131274139214739
0.0009145961542688853
0.0009160488441011049
0.0009174854287251819
0.0009189058540545169
0.0009203100666108994
0.0009216980135265202
0.0009230696425459623
0.0009244249020281685
0.0009257637409483852
0.0009270861089000838
0.0009283919560968582
0.0009296812333742999
0.0009309538921918476
0.0009322098846346165
0.0009334491634152008
0.0009346716818754551
0.00093587739398825
0.0009370662543592062
0.0009382382182284025
0.0009393932414720618
0.0009405312806042116
0.000941652292778322
0.000942756235788918
0.0009438430680731695
0.0009449127487124551
0.0009459652374339033
0.0009470004946119088
0.0009480184812696236
0.0009490191590804259
0.0009500024903693612
0.0009509684381145626
0.0009519169659486433
0.0009528480381600665
0.0009537616196944896
0.0009546576761560844
0.0009555361738088315
0.0009563970795777906
0.0009572403610503462
0.0009580659864774277
0.0009588739247747041
0.0009596641455237554
0.0009604366189732168
0.0009611913160398997
0.0009619282083098861
0.0009626472680395984
0.0009633484681568443
0.0009640317822618357
0.0009646971846281827
0.0009653446502038622
0.0009659741546121616
0.0009665856741525954
0.0009671791858017985
0.0009677546672143929
0.0009683120967238286
0.0009688514533431997
0.0009693727167660344
0.0009698758673670594
0.0009703608862029388
0.0009708277550129876
0.0009712764562198593
0.0009717069729302066
0.0009721192889353189
0.0009725133887117317
0.0009728892574218112
0.0009732468809143127
0.0009735862457249141
0.0009739073390767218
0.0009742101488807527
0.000974494663736389
0.000974760872931807
0.0009750087664443809
0.0009752383349410605
0.0009754495697787209
0.0009756424630044905
0.0009758170073560483
0.0009759731962618978
0.0009761110238416151
0.00097623048490607
0.0009763315749576205
0.0009764142901902835
0.0009764786274898774
0.0009765245844341389
0.0009765521592928153
0.0009765613510277285
0.0009765521592928153
0.0009765245844341388
0.0009764786274898774
0.0009764142901902835
0.0009763315749576206
0.00097623048490607
0.0009761110238416151
0.0009759731962618978
0.0009758170073560484
0.0009756424630044905
0.0009754495697787209
0.0009752383349410605
0.0009750087664443809
0.0009747608729318069
0.000974494663736389
0.0009742101488807528
0.0009739073390767218
0.000973586245724914
0.0009732468809143128
0.0009728892574218111
0.0009725133887117318
0.000972119288935319
0.0009717069729302066
0.0009712764562198592
0.0009708277550129876
0.0009703608862029387
0.0009698758673670594
0.0009693727167660344
0.0009688514533431997
0.0009683120967238286
0.0009677546672143929
0.0009671791858017984
0.0009665856741525954
0.0009659741546121615
0.0009653446502038622
0.0009646971846281827
0.0009640317822618357
0.0009633484681568443
0.0009626472680395985
0.000961928208309886
0.0009611913160398998
0.0009604366189732167
0.0009596641455237553
0.000958873924774704
0.0009580659864774277
0.0009572403610503462
0.0009563970795777905
0.0009555361738088315
0.0009546576761560843
0.0009537616196944895
0.0009528480381600664
0.0009519169659486433
0.0009509684381145624
0.0009500024903693612
0.0009490191590804256
0.0009480184812696236
0.0009470004946119086
0.0009459652374339033
0.0009449127487124551
0.0009438430680731694
0.000942756235788918
0.000941652292778322
0.0009405312806042116
0.0009393932414720617
0.0009382382182284025
0.0009370662543592061
0.0009358773939882499
0.0009346716818754551
0.0009334491634152008
0.0009322098846346165
0.0009309538921918476
0.0009296812333742998
0.0009283919560968581
0.0009270861089000838
0.000925763740948385
0.0009244249020281684
0.0009230696425459623
0.0009216980135265202
0.0009203100666108994
0.0009189058540545169
0.0009174854287251819
0.0009160488441011048
0.0009145961542688852
0.0009131274139214739
0.0009116426783561151
0.0009101420034722636
0.0009086254457694803
0.000907093062345306
0.0009055449108931103
0.0009039810496999203
0.0009024015376442261
0.0009008064341937635
0.0008991957994032766
0.0008975696939122543
0.0008959281789426496
0.0008942713162965731
0.000892599168353967
0.0008909117980702563
0.0008892092689739787
0.0008874916451643918
0.0008857589913090619
0.0008840113726414267
0.0008822488549583418
0.0008804715046176017
0.0008786793885354419
0.0008768725741840203
0.0008750511295888759
0.0008732151233263682
0.0008713646245210952
0.0008694997028432911
0.0008676204285062029
0.0008657268722634475
0.0008638191054063469
0.000861897199761245
0.0008599612276868032
0.0008580112620712762
0.0008560473763297666
0.000854069644401463
0.0008520781407468546
0.0008500729403449286
0.0008480541186903465
0.0008460217517906026
0.0008439759161631621
0.00084191668883258
0.0008398441473276013
0.0008377583696782425
0.0008356594344128529
0.0008335474205551593
0.0008314224076212894
0.0008292844756167794
0.0008271337050335606
0.0008249701768469301
0.0008227939725125008
0.0008206051739631367
0.0008184038636058654
0.000816190124318778
0.0008139640394479071
0.0008117256928040905
0.0008094751686598136
0.0008072125517460387
0.0008049379272490139
0.0008026513808070657
0.0008003529985073754
0.0007980428668827374
0.0007957210729083016
0.0007933877039982991
0.0007910428480027505
0.0007886865932041585
0.0007863190283141849
0.0007839402424703091
0.0007815503252324742
0.0007791493665797131
0.0007767374569067619
0.0007743146870206568
0.0007718811481373148
0.0007694369318780992
0.0007669821302663706
0.0007645168357240225
0.0007620411410680007
0.00075955513950681
0.000757058924637004
0.0007545525904396616
0.000752036231276849
0.000749509941888066
0.0007469738173866806
0.0007444279532563468
0.0007418724453474101
0.0007393073898732987
0.0007367328834069018
0.0007341490228769325
0.0007315559055642793
0.0007289536290983437
0.0007263422914533636
0.0007237219909447253
0.000721092826225262
0.0007184548962815398
0.0007158083004301294
0.0007131531383138693
0.0007104895098981121
0.0007078175154669626
0.0007051372556195006
0.0007024488312659943
0.0006997523436241018
0.000697047894215058
0.0006943355848598549
0.0006916155176754067
0.0006888877950707057
0.0006861525197429658
0.0006834097946737575
0.0006806597231251295
0.0006779024086357209
0.000675137955016864
0.0006723664663486749
0.0006695880469761359
0.0006668028015051657
0.000664010834798682
0.0006612122519726536
0.0006584071583921417
0.0006555956596673345
0.0006527778616495698
0.0006499538704273504
0.0006471237923223496
0.0006442877338854085
0.0006414458018925244
0.0006385981033408305
0.0006357447454445677
0.0006328858356310482
0.0006300214815366104
0.0006271517910025672
0.0006242768720711452
0.0006213968329814173
0.0006185117821652274
0.0006156218282431081
0.000612727080020191
0.0006098276464821108
0.0006069236367909014
0.0006040151602808862
0.0006011023264545619
0.000598185244978476
0.000595264025679097
0.0005923387785386806
0.0005894096136911283
0.0005864766414178411
0.0005835399721435671
0.000580599716432245
0.0005776559849828402
0.0005747088886251783
0.0005717585383157711
0.0005688050451336404
0.0005658485202761352
0.0005628890750547452
0.0005599268208909107
0.0005569618693118261
0.0005539943319462429
0.0005510243205202655
0.0005480519468531456
0.0005450773228530719
0.0005421005605129564
0.000539121771906219
0.0005361410691825669
0.0005331585645637731
0.0005301743703394505
0.0005271885988628256
0.0005242013625465065
0.000521212773858252
0.000518222945316737
0.0005152319894873168
0.0005122400189777873
0.0005092471464341475
0.0005062534845363568
0.0005032591459940938
0.000500264243542512
0.0004972688899379965
0.000494273197953917
0.0004912772803763837
0.00048828125
0.00048528521962361634
0.000482289302046083
0.0004792936100620034
0.00047629825645748784
0.0004733033540059062
0.0004703090154636431
0.0004673153535658525
0.0004643224810222126
0.0004613305105126832
0.00045833955468326285
0.0004553497261417481
0.0004523611374534936
0.0004493739011371743
0.00044638812966054926
0.0004434039354362269
0.00044042143081743303
0.00043744072809378094
0.0004344619394870435
0.00043148517714692805
0.0004285105531468543
0.0004255381794797344
0.00042256816805375706
0.00041960063068817384
0.0004166356791090894
0.00041367342494525475
0.0004107139797238647
0.00040775745486635944
0.00040480396168422874
0.0004018536113748216
0.00039890651501715965
0.00039596278356775487
0.00039302252785643275
0.0003900858585821589
0.0003871528863088716
0.0003842237214613193
0.00038129847432090294
0.000378377255021524
0.000375460173545438
0.0003725473397191138
0.00036963886320909864
0.0003667348535178892
0.0003638354199798089
0.0003609406717568919
0.0003580507178347726
0.00035516566701858257
0.00035228562792885467
0.00034941070899743273
0.0003465410184633895
0.0003436766643689518
0.00034081775455543223
0.00033796439665916944
0.0003351166981074755
0.0003322747661145914
0.00032943870767765024
0.00032660862957264953
0.0003237846383504301
0.00032096684033266543
0.0003181553416078582
0.00031535024802734643
0.0003125516652013179
0.0003097596984948343
0.0003069744530238641
0.000304196033651325
0.000301424544983136
0.00029866009136427906
0.00029590277687487055
0.0002931527053262424
0.00029040998025703406
0.0002876747049292942
0.00028494698232459315
0.000282226915140145
0.00027951460578494187
0.0002768101563758982
0.00027411366873400544
0.0002714252443804993
0.00026874498453303736
0.00026607299010188775
0.0002634093616861307
0.00026075419956987053
0.00025810760371846025
0.0002554696737747378
0.00025284050905527466
0.00025022020854663645
0.0002476088709016563
0.00024500659443572057
0.00024241347712306743
0.00023982961659309814
0.00023725511012670118
0.0002346900546525899
0.00023213454674365314
0.00022958868261331925
0.00022705255811193383
0.00022452626872315095
0.00022200990956033824
0.00021950357536299592
0.00021700736049318992
0.00021452135893199924
0.00021204566427597752
0.00020958036973362933
0.00020712556812190082
0.00020468135186268516
0.0002022478129793431
0.00019982504309323812
0.000197413133420287
0.0001950121747675258
0.00019262225752969078
0.00019024347168581512
0.00018787590679584138
0.00018551965199724947
0.0001831747960017008
0.00018084142709169832
0.00017851963311726264
0.00017620950149262464
0.00017391111919293429
0.000171624572750986
0.00016934994825396117
0.00016708733134018636
0.00016483680719590952
0.0001625984605520928
0.00016037237568122204
0.0001581586363941346
0.0001559573260368633
0.000153768527487499
0.00015159232315306996
0.00014942879496643934
0.00014727802438322055
0.00014514009237871046
0.00014301507944484062
0.00014090306558714694
0.00013880413032175748
0.00013671835267239864
0.00013464581116742
0.0001325865838368379
0.00013054074820939736
0.00012850838130965353
0.0001264895596550714
0.00012448435925314525
0.00012249285559853696
0.0001205151236702334
0.00011855123792872392
0.00011660127231319665
0.00011466530023875492
0.00011274339459365314
0.00011083562773655252
0.00010894207149379701
0.00010706279715670891
0.00010519787547890477
0.00010334737667363179
0.00010151137041112403
9.968992581597959e-5
9.788311146455793e-5
9.609099538239825e-5
9.431364504165806e-5
9.255112735857317e-5
9.080350869093817e-5
8.907085483560813e-5
8.735323102602141e-5
8.565070192974359e-5
8.396333164603295e-5
8.22911837034269e-5
8.063432105735044e-5
7.899280608774568e-5
7.736670059672341e-5
7.575606580623635e-5
7.416096235577404e-5
7.258145030007978e-5
7.101758910688975e-5
6.946943765469396e-5
6.793705423051958e-5
6.642049652773643e-5
6.491982164388485e-5
6.343508607852604e-5
6.196634573111482e-5
6.051365589889517e-5
5.907707127481823e-5
5.76566459454831e-5
5.625243338910061e-5
5.486448647347984e-5
5.349285745403771e-5
5.2137597971831535e-5
5.0798759051614834e-5
4.947639109991624e-5
4.8170543903141704e-5
4.688126662570016e-5
4.560860780815238e-5
4.4352615365383526e-5
4.311333658479918e-5
4.1890818124545005e-5
4.068510601175005e-5
3.949624564079388e-5
3.832428177159753e-5
3.716925852793827e-5
3.60312193957884e-5
3.491020722167804e-5
3.380626421108193e-5
3.2719431926830466e-5
3.164975128754488e-5
3.059726256609665e-5
2.9562005388091272e-5
2.854401873037637e-5
2.754334091957423e-5
2.6560009630638853e-5
2.559406188543748e-5
2.464553405135677e-5
2.3714461839933552e-5
2.2800880305510357e-5
2.1904823843915585e-5
2.1026326191168574e-5
2.016542042220941e-5
1.932213894965371e-5
1.8496513522572298e-5
1.7688575225295853e-5
1.6898354476244625e-5
1.6125881026783174e-5
1.5371183960100268e-5
1.4634291690113919e-5
1.3915231960401592e-5
1.3214031843155697e-5
1.2530717738164331e-5
1.1865315371817334e-5
1.1217849796137716e-5
1.0588345387838448e-5
9.976825847404702e-6
9.383314198201555e-6
8.807832785607132e-6
8.250403276171363e-6
7.711046656800215e-6
7.189783233965561e-6
6.686632632940651e-6
6.201613797061231e-6
5.73474498701234e-6
5.286043780140802e-6
4.8555270697934464e-6
4.4432110646810894e-6
4.0491112882682835e-6
3.6732425781888616e-6
3.3156190856873174e-6
2.976254275086015e-6
2.655160923278263e-6
2.3523511192472734e-6
2.06783626361102e-6
1.80162706819301e-6
1.5537335556189872e-6
1.3241650589395908e-6
1.112930221278968e-6
9.200369955093668e-7
7.454926439517129e-7
5.893037381021901e-7
4.514761583848252e-7
3.320150939300941e-7
2.3092504237955375e-7
1.482098097165089e-7
8.387251012271834e-8
3.791556586114821e-8
1.0340707184775004e-8
1.1489722714425019e-9
1.0340707184775004e-8
3.791556586114821e-8
8.387251012271834e-8
1.482098097165089e-7
2.3092504237955375e-7
3.320150939300941e-7
4.5147615838482523e-7
5.893037381021901e-7
7.454926439517129e-7
9.200369955093668e-7
1.112930221278968e-6
1.3241650589395908e-6
1.5537335556189872e-6
1.80162706819301e-6
2.06783626361102e-6
2.3523511192472734e-6
2.655160923278263e-6
2.976254275086015e-6
3.3156190856873174e-6
3.6732425781888616e-6
4.0491112882682835e-6
4.4432110646810894e-6
4.8555270697934464e-6
5.286043780140802e-6
5.73474498701234e-6
6.201613797061231e-6
6.686632632940651e-6
7.18978323396556e-6
7.711046656800215e-6
8.250403276171363e-6
8.807832785607132e-6
9.383314198201555e-6
9.976825847404704e-6
1.0588345387838448e-5
1.1217849796137716e-5
1.1865315371817336e-5
1.2530717738164331e-5
1.3214031843155695e-5
1.3915231960401592e-5
1.4634291690113919e-5
1.537118396010027e-5
1.6125881026783174e-5
1.6898354476244625e-5
1.7688575225295853e-5
1.8496513522572298e-5
1.9322138949653706e-5
2.016542042220941e-5
2.102632619116857e-5
2.1904823843915585e-5
2.280088030551036e-5
2.3714461839933552e-5
2.4645534051356773e-5
2.559406188543748e-5
2.6560009630638853e-5
2.754334091957423e-5
2.854401873037637e-5
2.9562005388091272e-5
3.059726256609665e-5
3.164975128754488e-5
3.2719431926830466e-5
3.380626421108193e-5
3.491020722167804e-5
3.60312193957884e-5
3.716925852793827e-5
3.832428177159753e-5
3.949624564079388e-5
4.0685106011750045e-5
4.189081812454501e-5
4.311333658479918e-5
4.4352615365383526e-5
4.560860780815238e-5
4.688126662570016e-5
4.817054390314171e-5
4.947639109991624e-5
5.0798759051614834e-5
5.2137597971831535e-5
5.349285745403771e-5
5.486448647347984e-5
5.625243338910061e-5
5.76566459454831e-5
5.907707127481822e-5
6.051365589889518e-5
6.196634573111482e-5
6.343508607852604e-5
6.491982164388485e-5
6.642049652773643e-5
6.793705423051958e-5
6.946943765469396e-5
7.101758910688975e-5
7.258145030007978e-5
7.416096235577403e-5
7.575606580623635e-5
7.73667005967234e-5
7.899280608774568e-5
8.063432105735044e-5
8.22911837034269e-5
8.396333164603294e-5
8.56507019297436e-5
8.73532310260214e-5
8.907085483560814e-5
9.080350869093817e-5
9.255112735857317e-5
9.431364504165804e-5
9.609099538239823e-5
9.788311146455795e-5
9.968992581597959e-5
0.00010151137041112404
0.00010334737667363176
0.00010519787547890477
0.00010706279715670891
0.00010894207149379701
0.00011083562773655254
0.00011274339459365314
0.00011466530023875493
0.00011660127231319665
0.00011855123792872392
0.0001205151236702334
0.00012249285559853696
0.00012448435925314525
0.0001264895596550714
0.0001285083813096535
0.00013054074820939736
0.0001325865838368379
0.00013464581116742
0.00013671835267239864
0.00013880413032175748
0.00014090306558714696
0.00014301507944484062
0.00014514009237871046
0.00014727802438322055
0.00014942879496643934
0.00015159232315306996
0.00015376852748749903
0.0001559573260368633
0.00015815863639413456
0.00016037237568122204
0.0001625984605520928
0.00016483680719590955
0.00016708733134018636
0.00016934994825396117
0.000171624572750986
0.00017391111919293423
0.00017620950149262464
0.00017851963311726264
0.00018084142709169832
0.00018317479600170078
0.00018551965199724947
0.00018787590679584138
0.00019024347168581515
0.00019262225752969078
0.0001950121747675258
0.000197413133420287
0.0001998250430932381
0.0002022478129793431
0.00020468135186268516
0.00020712556812190082
0.00020958036973362933
0.00021204566427597755
0.00021452135893199924
0.00021700736049318992
0.00021950357536299592
0.00022200990956033824
0.00022452626872315095
0.00022705255811193386
0.00022958868261331925
0.00023213454674365314
0.00023469005465258993
0.00023725511012670118
0.00023982961659309814
0.00024241347712306743
0.0002450065944357205
0.0002476088709016563
0.00025022020854663645
0.00025284050905527466
0.0002554696737747378
0.00025810760371846025
0.00026075419956987053
0.00026340936168613074
0.00026607299010188775
0.00026874498453303736
0.0002714252443804993
0.00027411366873400544
0.0002768101563758982
0.0002795146057849419
0.000282226915140145
0.0002849469823245931
0.00028767470492929427
0.0002904099802570341
0.0002931527053262424
0.00029590277687487055
0.00029866009136427906
0.000301424544983136
0.000304196033651325
0.0003069744530238641
0.0003097596984948343
0.0003125516652013179
0.00031535024802734643
0.0003181553416078582
0.00032096684033266543
0.0003237846383504301
0.0003266086295726495
0.0003294387076776503
0.0003322747661145914
0.0003351166981074756
0.00033796439665916944
0.00034081775455543223
0.0003436766643689518
0.00034654101846338947
0.00034941070899743273
0.00035228562792885467
0.00035516566701858257
0.00035805071783477253
0.0003609406717568919
0.000363835419979809
0.0003667348535178892
0.0003696388632090987
0.0003725473397191138
0.00037546017354543804
0.000378377255021524
0.00038129847432090294
0.00038422372146131934
0.00038715288630887155
0.0003900858585821589
0.00039302252785643275
0.00039596278356775487
0.00039890651501715965
0.00040185361137482157
0.0004048039616842288
0.00040775745486635944
0.00041071397972386475
0.0004136734249452547
0.0004166356791090894
0.00041960063068817384
0.0004225681680537571
0.0004255381794797344
0.0004285105531468543
0.000431485177146928
0.0004344619394870435
0.00043744072809378094
0.0004404214308174331
0.0004434039354362269
0.00044638812966054926
0.00044937390113717436
0.00045236113745349355
0.0004553497261417481
0.00045833955468326285
0.00046133051051268316
0.0004643224810222126
0.0004673153535658525
0.0004703090154636431
0.0004733033540059062
0.00047629825645748784
0.00047929361006200346
0.000482289302046083
0.0004852852196236163
0.00048828125
0.0004912772803763837
0.000494273197953917
0.0004972688899379965
0.000500264243542512
0.0005032591459940938
0.0005062534845363568
0.0005092471464341475
0.0005122400189777873
0.0005152319894873168
0.000518222945316737
0.0005212127738582518
0.0005242013625465063
0.0005271885988628256
0.0005301743703394505
0.0005331585645637731
0.0005361410691825669
0.000539121771906219
0.0005421005605129565
0.0005450773228530719
0.0005480519468531457
0.0005510243205202655
0.0005539943319462429
0.000556961869311826
0.0005599268208909107
0.0005628890750547452
0.0005658485202761352
0.0005688050451336404
0.0005717585383157711
0.0005747088886251783
0.0005776559849828402
0.000580599716432245
0.0005835399721435671
0.0005864766414178411
0.0005894096136911283
0.0005923387785386806
0.0005952640256790971
0.0005981852449784759
0.0006011023264545619
0.0006040151602808862
0.0006069236367909014
0.0006098276464821108
0.000612727080020191
0.0006156218282431081
0.0006185117821652274
0.0006213968329814173
0.0006242768720711453
0.0006271517910025672
0.0006300214815366104
0.0006328858356310482
0.0006357447454445677
0.0006385981033408305
0.0006414458018925244
0.0006442877338854085
0.0006471237923223496
0.0006499538704273504
0.0006527778616495698
0.0006555956596673345
0.0006584071583921418
0.0006612122519726535
0.000664010834798682
0.0006668028015051657
0.0006695880469761359
0.0006723664663486749
0.0006751379550168639
0.0006779024086357208
0.0006806597231251295
0.0006834097946737575
0.0006861525197429659
0.0006888877950707057
0.0006916155176754067
0.000694335584859855
0.0006970478942150579
0.0006997523436241018
0.0007024488312659945
0.0007051372556195006
0.0007078175154669626
0.0007104895098981121
0.0007131531383138694
0.0007158083004301294
0.0007184548962815398
0.000721092826225262
0.0007237219909447253
0.0007263422914533634
0.0007289536290983437
0.0007315559055642793
0.0007341490228769325
0.0007367328834069018
0.0007393073898732987
0.0007418724453474101
0.0007444279532563469
0.0007469738173866806
0.0007495099418880661
0.0007520362312768489
0.0007545525904396617
0.000757058924637004
0.0007595551395068099
0.0007620411410680008
0.0007645168357240225
0.0007669821302663706
0.0007694369318780991
0.0007718811481373149
0.000774314687020657
0.0007767374569067619
0.000779149366579713
0.0007815503252324742
0.0007839402424703091
0.0007863190283141848
0.0007886865932041586
0.0007910428480027505
0.0007933877039982991
0.0007957210729083017
0.0007980428668827374
0.0008003529985073754
0.0008026513808070657
0.000804937927249014
0.0008072125517460387
0.0008094751686598136
0.0008117256928040905
0.0008139640394479072
0.000816190124318778
0.0008184038636058654
0.0008206051739631366
0.0008227939725125009
0.0008249701768469301
0.0008271337050335606
0.0008292844756167793
0.0008314224076212894
0.0008335474205551593
0.000835659434412853
0.0008377583696782423
0.0008398441473276014
0.00084191668883258
0.0008439759161631621
0.0008460217517906025
0.0008480541186903465
0.0008500729403449286
0.0008520781407468546
0.000854069644401463
0.0008560473763297666
0.0008580112620712762
0.0008599612276868032
0.000861897199761245
0.0008638191054063468
0.0008657268722634475
0.000867620428506203
0.0008694997028432912
0.0008713646245210952
0.0008732151233263681
0.0008750511295888759
0.0008768725741840203
0.000878679388535442
0.0008804715046176017
0.0008822488549583418
0.0008840113726414267
0.0008857589913090619
0.0008874916451643919
0.0008892092689739786
0.0008909117980702563
0.000892599168353967
0.0008942713162965732
0.0008959281789426496
0.0008975696939122545
0.0008991957994032766
0.0009008064341937636
0.000902401537644226
0.0009039810496999202
0.0009055449108931103
0.000907093062345306
0.0009086254457694803
0.0009101420034722635
0.0009116426783561151
0.0009131274139214739
0.0009145961542688853
0.0009160488441011048
0.0009174854287251819
0.0009189058540545169
0.0009203100666108994
0.0009216980135265202
0.0009230696425459623
0.0009244249020281684
0.0009257637409483851
0.0009270861089000838
0.0009283919560968581
0.0009296812333742997
0.0009309538921918476
0.0009322098846346165
0.0009334491634152008
0.000934671681875455
0.0009358773939882499
0.0009370662543592061
0.0009382382182284023
0.0009393932414720617
0.0009405312806042115
0.000941652292778322
0.000942756235788918
0.0009438430680731695
0.0009449127487124551
0.0009459652374339033
0.0009470004946119088
0.0009480184812696236
0.0009490191590804258
0.0009500024903693611
0.0009509684381145624
0.0009519169659486433
0.0009528480381600664
0.0009537616196944895
0.0009546576761560844
0.0009555361738088315
0.0009563970795777905
0.0009572403610503462
0.0009580659864774277
0.0009588739247747041
0.0009596641455237553
0.0009604366189732168
0.0009611913160398997
0.0009619282083098861
0.0009626472680395984
0.0009633484681568443
0.0009640317822618357
0.0009646971846281826
0.0009653446502038622
0.0009659741546121616
0.0009665856741525954
0.0009671791858017984
0.0009677546672143929
0.0009683120967238286
0.0009688514533431997
0.0009693727167660344
0.0009698758673670594
0.0009703608862029387
0.0009708277550129876
0.0009712764562198593
0.0009717069729302066
0.0009721192889353189
0.0009725133887117317
0.0009728892574218112
0.0009732468809143127
0.0009735862457249141
0.0009739073390767218
0.0009742101488807527
0.000974494663736389
0.000974760872931807
0.0009750087664443809
0.0009752383349410605
0.0009754495697787209
0.0009756424630044905
0.0009758170073560483
0.0009759731962618978
0.0009761110238416151
0.00097623048490607
0.0009763315749576205
0.0009764142901902835
0.0009764786274898774
0.0009765245844341389
0.0009765521592928153
0.0009765613510277285
0.0009765521592928153
0.0009765245844341388
0.0009764786274898774
0.0009764142901902835
0.0009763315749576206
0.00097623048490607
0.0009761110238416151
0.0009759731962618978
0.0009758170073560484
0.0009756424630044905
0.0009754495697787209
0.0009752383349410605
0.0009750087664443809
0.0009747608729318069
0.000974494663736389
0.0009742101488807528
0.0009739073390767218
0.000973586245724914
0.0009732468809143128
0.0009728892574218111
0.0009725133887117318
0.000972119288935319
0.0009717069729302066
0.0009712764562198592
0.0009708277550129876
0.0009703608862029388
0.0009698758673670594
0.0009693727167660344
0.0009688514533431997
0.0009683120967238286
0.0009677546672143929
0.0009671791858017985
0.0009665856741525954
0.0009659741546121615
0.0009653446502038624
0.0009646971846281828
0.0009640317822618357
0.0009633484681568443
0.0009626472680395985
0.000961928208309886
0.0009611913160398998
0.0009604366189732168
0.0009596641455237554
0.0009588739247747041
0.0009580659864774277
0.0009572403610503462
0.0009563970795777906
0.0009555361738088315
0.0009546576761560844
0.0009537616196944896
0.0009528480381600664
0.0009519169659486433
0.0009509684381145626
0.0009500024903693612
0.0009490191590804258
0.0009480184812696236
0.0009470004946119086
0.0009459652374339033
0.0009449127487124551
0.0009438430680731695
0.0009427562357889181
0.000941652292778322
0.0009405312806042116
0.0009393932414720617
0.0009382382182284025
0.0009370662543592061
0.00093587739398825
0.0009346716818754551
0.0009334491634152008
0.0009322098846346166
0.0009309538921918477
0.0009296812333742999
0.0009283919560968582
0.0009270861089000838
0.0009257637409483851
0.0009244249020281685
0.0009230696425459624
0.0009216980135265202
0.0009203100666108994
0.0009189058540545169
0.0009174854287251819
0.0009160488441011049
0.0009145961542688852
0.0009131274139214739
0.0009116426783561153
0.0009101420034722637
0.0009086254457694804
0.000907093062345306
0.0009055449108931103
0.0009039810496999203
0.0009024015376442261
0.0009008064341937637
0.0008991957994032766
0.0008975696939122545
0.0008959281789426496
0.0008942713162965732
0.0008925991683539672
0.0008909117980702563
0.0008892092689739787
0.0008874916451643919
0.0008857589913090619
0.0008840113726414268
0.0008822488549583419
0.0008804715046176017
0.0008786793885354421
0.0008768725741840205
0.000875051129588876
0.0008732151233263683
0.0008713646245210952
0.0008694997028432911
0.000867620428506203
0.0008657268722634475
0.0008638191054063469
0.000861897199761245
0.0008599612276868035
0.0008580112620712762
0.0008560473763297666
0.0008540696444014631
0.0008520781407468549
0.0008500729403449286
0.0008480541186903466
0.0008460217517906026
0.0008439759161631621
0.00084191668883258
0.0008398441473276013
0.0008377583696782425
0.0008356594344128531
0.0008335474205551593
0.0008314224076212895
0.0008292844756167795
0.0008271337050335607
0.0008249701768469301
0.0008227939725125011
0.0008206051739631367
0.0008184038636058654
0.000816190124318778
0.0008139640394479073
0.0008117256928040905
0.0008094751686598137
0.0008072125517460389
0.0008049379272490138
0.0008026513808070657
0.0008003529985073754
0.0007980428668827374
0.0007957210729083017
0.0007933877039982992
0.0007910428480027505
0.0007886865932041587
0.0007863190283141849
0.0007839402424703092
0.0007815503252324742
0.0007791493665797129
0.000776737456906762
0.0007743146870206571
0.000771881148137315
0.0007694369318780993
0.0007669821302663706
0.0007645168357240226
0.0007620411410680008
0.0007595551395068103
0.0007570589246370042
0.0007545525904396618
0.000752036231276849
0.0007495099418880662
0.0007469738173866809
0.0007444279532563469
0.0007418724453474101
0.0007393073898732988
0.0007367328834069018
0.0007341490228769327
0.0007315559055642794
0.0007289536290983438
0.0007263422914533637
0.0007237219909447252
0.0007210928262252623
0.0007184548962815399
0.0007158083004301296
0.0007131531383138695
0.0007104895098981124
0.0007078175154669628
0.0007051372556195008
0.0007024488312659947
0.0006997523436241019
0.0006970478942150581
0.000694335584859855
0.0006916155176754069
0.0006888877950707058
0.0006861525197429661
0.0006834097946737576
0.0006806597231251296
0.0006779024086357209
0.0006751379550168641
0.000672366466348675
0.0006695880469761359
0.0006668028015051657
0.000664010834798682
0.0006612122519726535
0.0006584071583921418
0.0006555956596673348
0.00065277786164957
0.0006499538704273504
0.0006471237923223498
0.0006442877338854085
0.0006414458018925245
0.0006385981033408307
0.0006357447454445679
0.0006328858356310482
0.0006300214815366104
0.0006271517910025673
0.0006242768720711455
0.0006213968329814174
0.0006185117821652275
0.0006156218282431081
0.000612727080020191
0.000609827646482111
0.0006069236367909015
0.0006040151602808863
0.0006011023264545619
0.0005981852449784759
0.0005952640256790971
0.0005923387785386808
0.0005894096136911285
0.0005864766414178412
0.0005835399721435672
0.0005805997164322451
0.0005776559849828404
0.0005747088886251784
0.0005717585383157713
0.0005688050451336404
0.0005658485202761353
0.0005628890750547454
0.0005599268208909107
0.0005569618693118261
0.0005539943319462429
0.0005510243205202657
0.0005480519468531457
0.000545077322853072
0.0005421005605129566
0.0005391217719062191
0.0005361410691825669
0.0005331585645637732
0.0005301743703394507
0.0005271885988628259
0.0005242013625465065
0.0005212127738582521
0.0005182229453167371
0.0005152319894873167
0.0005122400189777874
0.0005092471464341476
0.0005062534845363569
0.0005032591459940938
0.0005002642435425123
0.0004972688899379965
0.0004942731979539172
0.0004912772803763837
0.0004882812500000001
0.0004852852196236164
0.000482289302046083
0.0004792936100620036
0.00047629825645748795
0.00047330335400590635
0.0004703090154636432
0.00046731535356585264
0.0004643224810222127
0.00046133051051268337
0.00045833955468326296
0.00045534972614174815
0.00045236113745349377
0.0004493739011371744
0.00044638812966054937
0.00044340393543622705
0.00044042143081743325
0.0004374407280937811
0.00043446193948704363
0.0004314851771469281
0.00042851055314685444
0.00042553817947973456
0.0004225681680537572
0.0004196006306881741
0.00041663567910908944
0.00041367342494525486
0.00041071397972386486
0.00040775745486635966
0.0004048039616842289
0.00040185361137482173
0.00039890651501715965
0.0003959627835677551
0.00039302252785643286
0.00039008585858215896
0.0003871528863088717
0.0003842237214613194
0.0003812984743209031
0.0003783772550215242
0.0003754601735454382
0.0003725473397191139
0.00036963886320909875
0.00036673485351788925
0.00036383541997980914
0.00036094067175689194
0.0003580507178347726
0.0003551656670185827
0.0003522856279288547
0.00034941070899743284
0.0003465410184633897
0.0003436766643689519
0.00034081775455543223
0.0003379643966591695
0.0003351166981074756
0.0003322747661145916
0.00032943870767765046
0.0003266086295726497
0.0003237846383504302
0.00032096684033266543
0.00031815534160785835
0.00031535024802734665
0.00031255166520131807
0.00030975969849483435
0.0003069744530238642
0.00030419603365132507
0.00030142454498313605
0.0002986600913642793
0.00029590277687487065
0.0002931527053262425
0.0002904099802570341
0.00028767470492929427
0.00028494698232459315
0.0002822269151401452
0.00027951460578494203
0.0002768101563758983
0.00027411366873400555
0.00027142524438049934
0.00026874498453303747
0.00026607299010188786
0.0002634093616861308
0.0002607541995698706
0.00025810760371846036
0.0002554696737747379
0.0002528405090552749
0.0002502202085466365
0.00024760887090165637
0.0002450065944357206
0.00024241347712306748
0.00023982961659309827
0.00023725511012670134
0.00023469005465259003
0.00023213454674365317
0.00022958868261331927
0.0002270525581119339
0.00022452626872315114
0.00022200990956033832
0.00021950357536299598
0.00021700736049319
0.00021452135893199924
0.00021204566427597766
0.00020958036973362946
0.00020712556812190093
0.00020468135186268524
0.00020224781297934315
0.00019982504309323817
0.00019741313342028715
0.00019501217476752589
0.0001926222575296909
0.00019024347168581523
0.00018787590679584143
0.00018551965199724958
0.00018317479600170095
0.00018084142709169846
0.0001785196331172627
0.0001762095014926247
0.00017391111919293434
0.0001716245727509862
0.00016934994825396125
0.00016708733134018647
0.00016483680719590963
0.0001625984605520928
0.00016037237568122218
0.0001581586363941347
0.00015595732603686344
0.00015376852748749903
0.00015159232315307
0.00014942879496643942
0.0001472780243832207
0.00014514009237871054
0.0001430150794448407
0.00014090306558714704
0.00013880413032175748
0.00013671835267239875
0.00013464581116742015
0.000132586583836838
0.0001305407482093974
0.00012850838130965355
0.00012648955965507147
0.00012448435925314542
0.000122492855598537
0.00012051512367023346
0.00011855123792872399
0.00011660127231319668
0.00011466530023875504
0.00011274339459365326
0.00011083562773655264
0.00010894207149379708
0.00010706279715670896
0.00010519787547890486
0.00010334737667363193
0.0001015113704111241
9.968992581597965e-5
9.7883111464558e-5
9.609099538239826e-5
9.431364504165815e-5
9.255112735857327e-5
9.080350869093827e-5
8.907085483560818e-5
8.735323102602144e-5
8.565070192974365e-5
8.396333164603306e-5
8.229118370342698e-5
8.063432105735049e-5
7.899280608774574e-5
7.736670059672342e-5
7.575606580623645e-5
7.416096235577413e-5
7.258145030007987e-5
7.101758910688979e-5
6.9469437654694e-5
6.793705423051964e-5
6.642049652773655e-5
6.491982164388491e-5
6.34350860785261e-5
6.196634573111489e-5
6.0513655898895196e-5
5.9077071274818306e-5
5.765664594548318e-5
5.625243338910069e-5
5.486448647347988e-5
5.3492857454037754e-5
5.213759797183158e-5
5.0798759051614935e-5
4.9476391099916286e-5
4.817054390314178e-5
4.6881266625700224e-5
4.560860780815239e-5
4.435261536538359e-5
4.3113336584799256e-5
4.189081812454508e-5
4.068510601175007e-5
3.949624564079392e-5
3.832428177159758e-5
3.7169258527938365e-5
3.603121939578846e-5
3.49102072216781e-5
3.380626421108198e-5
3.271943192683049e-5
3.1649751287544906e-5
3.059726256609668e-5
2.9562005388091343e-5
2.8544018730376404e-5
2.7543340919574266e-5
2.6560009630638893e-5
2.5594061885437488e-5
2.4645534051356813e-5
2.3714461839933596e-5
2.2800880305510397e-5
2.19048238439156e-5
2.1026326191168587e-5
2.0165420422209427e-5
1.9322138949653767e-5
1.8496513522572325e-5
1.7688575225295884e-5
1.6898354476244656e-5
1.612588102678318e-5
1.5371183960100305e-5
1.4634291690113955e-5
1.391523196040163e-5
1.321403184315571e-5
1.2530717738164346e-5
1.1865315371817351e-5
1.1217849796137758e-5
1.0588345387838466e-5
9.976825847404726e-6
9.383314198201577e-6
8.807832785607138e-6
8.250403276171389e-6
7.71104665680024e-6
7.189783233965587e-6
6.686632632940659e-6
6.201613797061242e-6
5.734744987012353e-6
5.286043780140831e-6
4.855527069793461e-6
4.443211064681106e-6
4.049111288268299e-6
3.6732425781888645e-6
3.3156190856873344e-6
2.9762542750860323e-6
2.655160923278279e-6
2.3523511192472794e-6
2.0678362636110274e-6
1.801627068193017e-6
1.5537335556190033e-6
1.3241650589395989e-6
1.1129302212789765e-6
9.200369955093744e-7
7.454926439517144e-7
5.893037381021972e-7
4.514761583848321e-7
3.3201509393010016e-7
2.3092504237955579e-7
1.4820980971651107e-7
8.387251012271989e-8
3.7915565861150674e-8
1.0340707184775584e-8
1.1489722714427436e-9
1.0340707184774117e-8
3.7915565861147736e-8
8.387251012271548e-8
1.4820980971650522e-7
2.3092504237954845e-7
3.320150939300913e-7
4.5147615838482184e-7
5.893037381021854e-7
7.454926439517011e-7
9.200369955093596e-7
1.11293022127896e-6
1.3241650589395809e-6
1.5537335556189843e-6
1.8016270681929966e-6
2.0678362636110054e-6
2.352351119247256e-6
2.655160923278255e-6
2.976254275086006e-6
3.315619085687307e-6
3.6732425781888353e-6
4.049111288268268e-6
4.443211064681073e-6
4.855527069793427e-6
5.286043780140796e-6
5.734744987012316e-6
6.201613797061204e-6
6.68663263294062e-6
7.189783233965545e-6
7.7110466568002e-6
8.250403276171345e-6
8.807832785607092e-6
9.38331419820153e-6
9.976825847404679e-6
1.0588345387838417e-5
1.1217849796137706e-5
1.1865315371817298e-5
1.253071773816429e-5
1.3214031843155656e-5
1.3915231960401572e-5
1.4634291690113895e-5
1.537118396010024e-5
1.6125881026783116e-5
1.689835447624459e-5
1.768857522529582e-5
1.8496513522572258e-5
1.93221389496537e-5
2.0165420422209363e-5
2.1026326191168523e-5
2.190482384391553e-5
2.2800880305510326e-5
2.371446183993352e-5
2.4645534051356735e-5
2.5594061885437414e-5
2.6560009630638816e-5
2.754334091957419e-5
2.8544018730376323e-5
2.9562005388091258e-5
3.059726256609659e-5
3.164975128754482e-5
3.27194319268304e-5
3.3806264211081895e-5
3.4910207221678e-5
3.603121939578836e-5
3.7169258527938264e-5
3.832428177159748e-5
3.949624564079382e-5
4.068510601174999e-5
4.189081812454498e-5
4.3113336584799154e-5
4.435261536538349e-5
4.560860780815229e-5
4.6881266625700116e-5
4.817054390314167e-5
4.947639109991618e-5
5.079875905161482e-5
5.2137597971831474e-5
5.3492857454037645e-5
5.486448647347978e-5
5.6252433389100584e-5
5.7656645945483074e-5
5.907707127481819e-5
6.05136558988951e-5
6.196634573111478e-5
6.343508607852597e-5
6.49198216438848e-5
6.642049652773644e-5
6.793705423051953e-5
6.94694376546939e-5
7.101758910688964e-5
7.258145030007975e-5
7.416096235577399e-5
7.575606580623633e-5
7.73667005967233e-5
7.899280608774558e-5
8.063432105735036e-5
8.229118370342683e-5
8.396333164603295e-5
8.565070192974353e-5
8.735323102602131e-5
8.907085483560805e-5
9.080350869093813e-5
9.255112735857311e-5
9.431364504165802e-5
9.609099538239811e-5
9.788311146455785e-5
9.968992581597952e-5
0.00010151137041112396
0.00010334737667363176
0.00010519787547890469
0.00010706279715670882
0.00010894207149379691
0.00011083562773655247
0.0001127433945936531
0.00011466530023875488
0.00011660127231319652
0.00011855123792872384
0.00012051512367023331
0.00012249285559853685
0.00012448435925314525
0.0001264895596550713
0.0001285083813096534
0.00013054074820939725
0.00013258658383683784
0.00013464581116741996
0.00013671835267239856
0.0001388041303217573
0.00014090306558714688
0.00014301507944484054
0.00014514009237871035
0.00014727802438322055
0.00014942879496643923
0.00015159232315306985
0.00015376852748749887
0.00015595732603686325
0.0001581586363941345
0.00016037237568122201
0.0001625984605520926
0.00016483680719590944
0.00016708733134018628
0.0001693499482539611
0.000171624572750986
0.00017391111919293415
0.00017620950149262453
0.0001785196331172625
0.00018084142709169827
0.00018317479600170073
0.0001855196519972494
0.00018787590679584121
0.00019024347168581504
0.00019262225752969067
0.00019501217476752572
0.000197413133420287
0.00019982504309323795
0.00020224781297934296
0.00020468135186268505
0.00020712556812190077
0.00020958036973362927
0.0002120456642759774
0.00021452135893199905
0.00021700736049318981
0.00021950357536299582
0.00022200990956033816
0.00022452626872315092
0.0002270525581119337
0.0002295886826133191
0.00023213454674365298
0.00023469005465258984
0.0002372551101267011
0.00023982961659309808
0.00024241347712306726
0.00024500659443572046
0.0002476088709016562
0.0002502202085466363
0.00025284050905527466
0.0002554696737747377
0.00025810760371846014
0.00026075419956987037
0.0002634093616861305
0.00026607299010188764
0.00026874498453303725
0.0002714252443804991
0.0002741136687340053
0.00027681015637589796
0.00027951460578494176
0.00028222691514014493
0.000284946982324593
0.00028767470492929416
0.00029040998025703385
0.00029315270532624226
0.00029590277687487044
0.00029866009136427906
0.00030142454498313583
0.00030419603365132485
0.0003069744530238639
0.0003097596984948342
0.00031255166520131785
0.0003153502480273464
0.0003181553416078582
0.00032096684033266527
0.00032378463835043005
0.0003266086295726494
0.0003294387076776502
0.00033227476611459133
0.00033511669810747536
0.0003379643966591693
0.0003408177545554321
0.0003436766643689517
0.0003465410184633894
0.0003494107089974326
0.0003522856279288545
0.0003551656670185825
0.0003580507178347725
0.00036094067175689184
0.0003638354199798088
0.0003667348535178889
0.00036963886320909853
0.0003725473397191137
0.000375460173545438
0.0003783772550215239
0.0003812984743209029
0.0003842237214613192
0.0003871528863088715
0.0003900858585821588
0.00039302252785643264
0.000395962783567755
0.00039890651501715954
0.0004018536113748215
0.00040480396168422864
0.0004077574548663594
0.00041071397972386464
0.0004136734249452546
0.00041663567910908917
0.0004196006306881738
0.000422568168053757
0.00042553817947973423
0.0004285105531468542
0.0004314851771469279
0.0004344619394870433
0.0004374407280937808
0.00044042143081743303
0.0004434039354362269
0.0004463881296605492
0.00044937390113717414
0.00045236113745349355
0.000455349726141748
0.0004583395546832627
0.0004613305105126832
0.00046432248102221244
0.0004673153535658523
0.0004703090154636429
0.00047330335400590614
0.00047629825645748773
0.00047929361006200346
0.0004822893020460828
0.0004852852196236162
0.00048828124999999984
0.0004912772803763835
0.0004942731979539169
0.0004972688899379963
0.0005002642435425119
0.0005032591459940936
0.0005062534845363567
0.0005092471464341474
0.0005122400189777873
0.0005152319894873166
0.000518222945316737
0.0005212127738582517
0.0005242013625465062
0.0005271885988628256
0.0005301743703394505
0.0005331585645637728
0.0005361410691825666
0.0005391217719062189
0.0005421005605129564
0.0005450773228530717
0.0005480519468531455
0.0005510243205202655
0.0005539943319462428
0.0005569618693118259
0.0005599268208909102
0.0005628890750547452
0.0005658485202761352
0.0005688050451336401
0.0005717585383157712
0.000574708888625178
0.0005776559849828401
0.0005805997164322451
0.0005835399721435669
0.000586476641417841
0.0005894096136911283
0.0005923387785386802
0.0005952640256790968
0.0005981852449784759
0.0006011023264545616
0.0006040151602808862
0.000606923636790901
0.0006098276464821106
0.0006127270800201912
0.0006156218282431078
0.0006185117821652273
0.0006213968329814173
0.0006242768720711449
0.0006271517910025672
0.0006300214815366104
0.0006328858356310479
0.0006357447454445678
0.0006385981033408302
0.0006414458018925242
0.0006442877338854087
0.0006471237923223494
0.0006499538704273502
0.0006527778616495698
0.0006555956596673341
0.0006584071583921417
0.0006612122519726535
0.0006640108347986818
0.0006668028015051656
0.0006695880469761356
0.0006723664663486748
0.000675137955016864
0.0006779024086357205
0.0006806597231251292
0.0006834097946737576
0.0006861525197429656
0.0006888877950707056
0.0006916155176754069
0.0006943355848598547
0.0006970478942150581
0.0006997523436241015
0.0007024488312659942
0.0007051372556195007
0.0007078175154669623
0.0007104895098981121
0.0007131531383138693
0.000715808300430129
0.0007184548962815395
0.0007210928262252621
0.0007237219909447249
0.0007263422914533634
0.0007289536290983435
0.0007315559055642792
0.0007341490228769325
0.0007367328834069016
0.0007393073898732986
0.00074187244534741
0.0007444279532563465
0.0007469738173866808
0.0007495099418880661
0.0007520362312768487
0.0007545525904396617
0.0007570589246370038
0.0007595551395068099
0.0007620411410680008
0.0007645168357240223
0.0007669821302663704
0.0007694369318780991
0.0007718811481373144
0.0007743146870206568
0.000776737456906762
0.0007791493665797128
0.0007815503252324742
0.0007839402424703089
0.0007863190283141847
0.0007886865932041586
0.0007910428480027503
0.0007933877039982991
0.0007957210729083016
0.000798042866882737
0.0008003529985073752
0.0008026513808070657
0.0008049379272490136
0.0008072125517460388
0.0008094751686598134
0.0008117256928040903
0.0008139640394479073
0.0008161901243187778
0.0008184038636058653
0.0008206051739631367
0.0008227939725125007
0.0008249701768469299
0.0008271337050335606
0.0008292844756167793
0.0008314224076212894
0.0008335474205551591
0.0008356594344128528
0.0008377583696782426
0.0008398441473276011
0.0008419166888325798
0.0008439759161631622
0.0008460217517906025
0.0008480541186903463
0.0008500729403449286
0.0008520781407468543
0.000854069644401463
0.0008560473763297667
0.0008580112620712759
0.0008599612276868033
0.0008618971997612448
0.0008638191054063468
0.0008657268722634476
0.0008676204285062029
0.000869499702843291
0.0008713646245210952
0.0008732151233263679
0.0008750511295888759
0.0008768725741840204
0.0008786793885354419
0.0008804715046176018
0.0008822488549583418
0.0008840113726414268
0.0008857589913090619
0.0008874916451643917
0.0008892092689739785
0.0008909117980702563
0.0008925991683539668
0.000894271316296573
0.0008959281789426496
0.0008975696939122542
0.0008991957994032766
0.0009008064341937635
0.0009024015376442257
0.0009039810496999202
0.0009055449108931102
0.000907093062345306
0.0009086254457694804
0.0009101420034722633
0.000911642678356115
0.000913127413921474
0.0009145961542688849
0.0009160488441011047
0.0009174854287251817
0.0009189058540545169
0.0009203100666108994
0.0009216980135265201
0.0009230696425459622
0.0009244249020281685
0.000925763740948385
0.0009270861089000838
0.0009283919560968584
0.0009296812333742997
0.0009309538921918476
0.0009322098846346165
0.0009334491634152007
0.0009346716818754551
0.0009358773939882499
0.0009370662543592061
0.0009382382182284025
0.0009393932414720615
0.0009405312806042115
0.000941652292778322
0.000942756235788918
0.0009438430680731695
0.000944912748712455
0.0009459652374339033
0.0009470004946119088
0.0009480184812696235
0.0009490191590804258
0.0009500024903693611
0.0009509684381145624
0.0009519169659486431
0.0009528480381600665
0.0009537616196944895
0.0009546576761560844
0.0009555361738088314
0.0009563970795777904
0.0009572403610503462
0.0009580659864774277
0.0009588739247747041
0.0009596641455237553
0.0009604366189732168
0.0009611913160398997
0.0009619282083098861
0.0009626472680395984
0.0009633484681568443
0.0009640317822618357
0.0009646971846281826
0.0009653446502038622
0.0009659741546121616
0.0009665856741525954
0.0009671791858017984
0.0009677546672143928
0.0009683120967238286
0.0009688514533431997
0.0009693727167660344
0.0009698758673670594
0.0009703608862029387
0.0009708277550129876
0.0009712764562198591
0.0009717069729302066
0.0009721192889353189
0.0009725133887117317
0.0009728892574218111
0.0009732468809143127
0.0009735862457249141
0.0009739073390767218
0.0009742101488807527
0.000974494663736389
0.0009747608729318068
0.0009750087664443809
0.0009752383349410604
0.0009754495697787209
0.0009756424630044905
0.0009758170073560483
0.0009759731962618978
0.0009761110238416151
0.00097623048490607
0.0009763315749576205
0.0009764142901902835
0.0009764786274898774
0.0009765245844341389
0.0009765521592928153
0.0009765613510277285
0.0009765521592928153
0.0009765245844341388
0.0009764786274898774
0.0009764142901902835
0.0009763315749576206
0.00097623048490607
0.0009761110238416151
0.0009759731962618978
0.0009758170073560484
0.0009756424630044905
0.0009754495697787209
0.0009752383349410605
0.0009750087664443809
0.0009747608729318069
0.000974494663736389
0.0009742101488807528
0.0009739073390767218
0.000973586245724914
0.0009732468809143128
0.0009728892574218111
0.0009725133887117318
0.000972119288935319
0.0009717069729302066
0.0009712764562198592
0.0009708277550129876
0.0009703608862029387
0.0009698758673670594
0.0009693727167660344
0.0009688514533431999
0.0009683120967238286
0.0009677546672143929
0.0009671791858017985
0.0009665856741525954
0.0009659741546121615
0.0009653446502038624
0.0009646971846281828
0.0009640317822618357
0.0009633484681568444
0.0009626472680395985
0.0009619282083098862
0.0009611913160398998
0.0009604366189732167
0.0009596641455237553
0.0009588739247747041
0.0009580659864774278
0.0009572403610503463
0.0009563970795777906
0.0009555361738088314
0.0009546576761560845
0.0009537616196944896
0.0009528480381600666
0.0009519169659486434
0.0009509684381145624
0.0009500024903693612
0.0009490191590804259
0.0009480184812696237
0.0009470004946119089
0.0009459652374339035
0.0009449127487124551
0.0009438430680731697
0.0009427562357889181
0.0009416522927783221
0.0009405312806042117
0.0009393932414720617
0.0009382382182284026
0.0009370662543592063
0.00093587739398825
0.0009346716818754553
0.0009334491634152009
0.0009322098846346165
0.0009309538921918478
0.0009296812333742999
0.0009283919560968584
0.0009270861089000839
0.0009257637409483851
0.0009244249020281686
0.0009230696425459624
0.0009216980135265203
0.0009203100666108997
0.0009189058540545169
0.0009174854287251819
0.0009160488441011049
0.0009145961542688852
0.0009131274139214743
0.0009116426783561153
0.0009101420034722636
0.0009086254457694806
0.0009070930623453062
0.0009055449108931104
0.0009039810496999204
0.0009024015376442261
0.0009008064341937637
0.0008991957994032768
0.0008975696939122545
0.0008959281789426498
0.0008942713162965732
0.0008925991683539669
0.0008909117980702566
0.0008892092689739787
0.000887491645164392
0.0008857589913090621
0.0008840113726414269
0.0008822488549583419
0.0008804715046176019
0.0008786793885354421
0.0008768725741840205
0.0008750511295888762
0.0008732151233263681
0.0008713646245210954
0.0008694997028432912
0.000867620428506203
0.0008657268722634477
0.000863819105406347
0.000861897199761245
0.0008599612276868037
0.0008580112620712762
0.0008560473763297669
0.0008540696444014632
0.0008520781407468546
0.0008500729403449288
0.0008480541186903466
0.0008460217517906028
0.0008439759161631623
0.00084191668883258
0.0008398441473276014
0.0008377583696782427
0.000835659434412853
0.0008335474205551593
0.0008314224076212898
0.0008292844756167794
0.0008271337050335609
0.0008249701768469303
0.0008227939725125008
0.0008206051739631367
0.0008184038636058655
0.0008161901243187781
0.0008139640394479075
0.0008117256928040905
0.0008094751686598136
0.0008072125517460389
0.000804937927249014
0.000802651380807066
0.0008003529985073756
0.0007980428668827374
0.0007957210729083019
0.0007933877039982993
0.0007910428480027505
0.000788686593204159
0.0007863190283141849
0.0007839402424703091
0.0007815503252324743
0.000779149366579713
0.0007767374569067622
0.0007743146870206571
0.0007718811481373148
0.0007694369318780993
0.0007669821302663708
0.0007645168357240226
0.0007620411410680011
0.00075955513950681
0.0007570589246370039
0.000754552590439662
0.000752036231276849
0.0007495099418880664
0.000746973817386681
0.0007444279532563468
0.0007418724453474104
0.0007393073898732989
0.0007367328834069018
0.0007341490228769329
0.0007315559055642794
0.0007289536290983437
0.0007263422914533639
0.0007237219909447253
0.0007210928262252624
0.00071845489628154
0.0007158083004301294
0.0007131531383138695
0.0007104895098981124
0.0007078175154669629
0.0007051372556195011
0.0007024488312659946
0.0006997523436241017
0.0006970478942150582
0.0006943355848598549
0.0006916155176754072
0.0006888877950707059
0.0006861525197429659
0.0006834097946737578
0.0006806597231251297
0.0006779024086357209
0.0006751379550168643
0.0006723664663486752
0.0006695880469761359
0.000666802801505166
0.0006640108347986821
0.0006612122519726539
0.000658407158392142
0.0006555956596673345
0.0006527778616495701
0.0006499538704273506
0.0006471237923223498
0.000644287733885409
0.0006414458018925246
0.0006385981033408305
0.000635744745444568
0.0006328858356310483
0.0006300214815366109
0.0006271517910025675
0.0006242768720711452
0.0006213968329814176
0.0006185117821652276
0.0006156218282431082
0.0006127270800201914
0.000609827646482111
0.0006069236367909014
0.0006040151602808865
0.0006011023264545619
0.0005981852449784763
0.0005952640256790974
0.0005923387785386806
0.0005894096136911287
0.0005864766414178413
0.0005835399721435674
0.0005805997164322455
0.0005776559849828405
0.0005747088886251784
0.0005717585383157715
0.0005688050451336404
0.0005658485202761357
0.0005628890750547456
0.0005599268208909107
0.0005569618693118263
0.0005539943319462431
0.0005510243205202657
0.0005480519468531462
0.0005450773228530721
0.0005421005605129566
0.0005391217719062193
0.000536141069182567
0.0005331585645637735
0.000530174370339451
0.0005271885988628255
0.0005242013625465067
0.0005212127738582521
0.0005182229453167373
0.0005152319894873173
0.0005122400189777875
0.0005092471464341475
0.0005062534845363571
0.0005032591459940939
0.0005002642435425126
0.0004972688899379968
0.000494273197953917
0.0004912772803763839
0.0004882812500000002
0.0004852852196236165
0.00048228930204608346
0.0004792936100620036
0.00047629825645748784
0.00047330335400590657
0.0004703090154636432
0.0004673153535658529
0.0004643224810222129
0.00046133051051268316
0.00045833955468326323
0.0004553497261417483
0.00045236113745349377
0.00044937390113717484
0.0004463881296605495
0.000443403935436227
0.00044042143081743346
0.0004374407280937811
0.00043446193948704396
0.0004314851771469284
0.0004285105531468542
0.0004255381794797347
0.00042256816805375734
0.00041960063068817406
0.00041663567910908987
0.0004136734249452548
0.0004107139797238648
0.0004077574548663598
0.0004048039616842289
0.00040185361137482205
0.0003989065150171599
0.0003959627835677549
0.0003930225278564331
0.0003900858585821591
0.00038715288630887176
0.0003842237214613198
0.0003812984743209031
0.0003783772550215241
0.0003754601735454384
0.00037254733971911393
0.0003696388632090991
0.00036673485351788947
0.000363835419979809
0.0003609406717568922
0.00035805071783477275
0.0003551656670185828
0.0003522856279288551
0.00034941070899743284
0.0003465410184633896
0.00034367666436895217
0.0003408177545554323
0.0003379643966591698
0.00033511669810747585
0.00033227476611459144
0.0003294387076776507
0.0003266086295726498
0.00032378463835043027
0.0003209668403326659
0.0003181553416078584
0.0003153502480273465
0.0003125516652013183
0.0003097596984948344
0.0003069744530238645
0.00030419603365132523
0.00030142454498313605
0.0002986600913642795
0.00029590277687487076
0.0002931527053262425
0.00029040998025703444
0.00028767470492929443
0.0002849469823245932
0.00028222691514014536
0.000279514605784942
0.00027681015637589856
0.0002741136687340057
0.0002714252443804994
0.0002687449845330376
0.00026607299010188796
0.0002634093616861308
0.0002607541995698709
0.00025810760371846046
0.00025546967377473796
0.0002528405090552751
0.00025022020854663656
0.00024760887090165664
0.0002450065944357209
0.0002424134771230675
0.00023982961659309846
0.0002372551101267014
0.00023469005465259003
0.00023213454674365355
0.00022958868261331938
0.00022705255811193391
0.00022452626872315133
0.00022200990956033832
0.00021950357536299625
0.00021700736049319017
0.00021452135893199926
0.00021204566427597782
0.00020958036973362957
0.00020712556812190096
0.0002046813518626856
0.00020224781297934326
0.00019982504309323812
0.00019741313342028734
0.0001950121747675259
0.00019262225752969113
0.00019024347168581542
0.0001878759067958414
0.00018551965199724977
0.00018317479600170105
0.00018084142709169846
0.00017851963311726302
0.0001762095014926248
0.00017391111919293434
0.0001716245727509864
0.00016934994825396125
0.0001670873313401867
0.0001648368071959098
0.0001625984605520928
0.0001603723756812223
0.0001581586363941348
0.00015595732603686344
0.00015376852748749938
0.0001515923231530701
0.00014942879496643942
0.0001472780243832209
0.00014514009237871054
0.00014301507944484092
0.0001409030655871472
0.0001388041303217575
0.0001367183526723989
0.00013464581116742023
0.00013258658383683786
0.00013054074820939758
0.00012850838130965364
0.00012648955965507145
0.00012448435925314558
0.00012249285559853704
0.0001205151236702334
0.00011855123792872414
0.00011660127231319667
0.00011466530023875516
0.00011274339459365333
0.00011083562773655251
0.0001089420714937972
0.00010706279715670902
0.00010519787547890486
0.00010334737667363206
0.00010151137041112411
9.968992581597959e-5
9.788311146455815e-5
9.609099538239826e-5
9.43136450416583e-5
9.255112735857334e-5
9.080350869093816e-5
8.90708548356083e-5
8.73532310260215e-5
8.565070192974368e-5
8.39633316460332e-5
8.229118370342697e-5
8.063432105735044e-5
7.899280608774586e-5
7.736670059672345e-5
7.575606580623657e-5
7.416096235577418e-5
7.258145030007975e-5
7.10175891068899e-5
6.946943765469407e-5
6.793705423051965e-5
6.642049652773666e-5
6.491982164388492e-5
6.343508607852604e-5
6.1966345731115e-5
6.05136558988952e-5
5.9077071274818415e-5
5.765664594548324e-5
5.62524333891006e-5
5.4864486473479984e-5
5.349285745403781e-5
5.213759797183158e-5
5.079875905161503e-5
4.947639109991629e-5
4.817054390314173e-5
4.688126662570032e-5
4.56086078081524e-5
4.435261536538369e-5
4.311333658479931e-5
4.1890818124545005e-5
4.068510601175017e-5
3.949624564079396e-5
3.832428177159757e-5
3.7169258527938446e-5
3.603121939578846e-5
3.491020722167805e-5
3.380626421108207e-5
3.271943192683049e-5
3.164975128754502e-5
3.059726256609676e-5
2.9562005388091265e-5
2.854401873037648e-5
2.7543340919574306e-5
2.6560009630638893e-5
2.559406188543763e-5
2.4645534051356813e-5
2.371446183993357e-5
2.2800880305510465e-5
2.1904823843915605e-5
2.1026326191168685e-5
2.016542042220949e-5
1.9322138949653706e-5
1.8496513522572386e-5
1.7688575225295914e-5
1.6898354476244656e-5
1.6125881026783292e-5
1.5371183960100305e-5
1.463429169011393e-5
1.3915231960401682e-5
1.3214031843155712e-5
1.2530717738164423e-5
1.1865315371817402e-5
1.1217849796137714e-5
1.0588345387838514e-5
9.976825847404751e-6
9.383314198201578e-6
8.807832785607222e-6
8.25040327617139e-6
7.711046656800222e-6
7.189783233965626e-6
6.686632632940661e-6
6.201613797061295e-6
5.734744987012389e-6
5.286043780140801e-6
4.855527069793492e-6
4.443211064681122e-6
4.0491112882683004e-6
3.6732425781889196e-6
3.315619085687336e-6
2.976254275086021e-6
2.655160923278303e-6
2.352351119247281e-6
2.0678362636110575e-6
1.8016270681930369e-6
1.5537335556189874e-6
1.3241650589396148e-6
1.1129302212789843e-6
9.200369955093746e-7
7.454926439517392e-7
5.89303738102198e-7
4.5147615838482724e-7
3.3201509393010885e-7
2.3092504237955645e-7
1.4820980971651867e-7
8.387251012272443e-8
3.791556586114848e-8
1.034070718477665e-8
5.744861357215553e-10
