0.00015011499684976183
0.0026561409552472784
0.009365207752380937
0.01940603578307884
0.031250000000000014
0.04309396421692118
0.05313479224761908
0.05984385904475273
0.062199770006300475
0.05984385904475272
0.053134792247619064
0.04309396421692116
0.031249999999999986
0.019406035783078812
0.009365207752380913
0.0026561409552472706
0.00030022999369952485
0.0026561409552472767
0.009365207752380924
0.01940603578307883
0.03125000000000001
0.04309396421692118
0.053134792247619085
0.05984385904475273
0.062199770006300475
0.05984385904475273
0.053134792247619085
0.04309396421692117
0.031249999999999993
0.019406035783078826
0.009365207752380917
0.0026561409552472715
0.00030022999369952425
0.0026561409552472715
0.009365207752380918
0.019406035783078826
0.031249999999999993
0.04309396421692117
0.053134792247619085
0.05984385904475273
0.062199770006300475
0.059843859044752735
0.053134792247619085
0.04309396421692118
0.03125000000000001
0.01940603578307883
0.009365207752380924
0.002656140955247277
0.00030022999369952485
0.0026561409552472706
0.009365207752380913
0.019406035783078812
0.031249999999999986
0.04309396421692117
0.053134792247619064
0.05984385904475272
0.062199770006300475
0.059843859044752735
0.05313479224761908
0.04309396421692118
0.031250000000000014
0.01940603578307884
0.009365207752380937
0.002656140955247278
0.00015011499684976183
