3.676668010520465e-8
6.617559473132867e-7
2.4260693853303502e-6
5.365410917818631e-6
9.478009995347763e-6
1.4761389342013768e-5
2.1212366447656202e-5
2.8827055484884435e-5
3.760086964975359e-5
4.7528523924685384e-5
5.860403826196282e-5
7.082074118589005e-5
8.41712738114373e-5
9.864759427695891e-5
0.00011424098258831206
0.0001309420458714511
0.0001487407240303486
0.000167626295806816
0.00018758738523859297
0.00020861196851179782
0.00023068738120362816
0.0002538003259109297
0.0002779368802600609
0.0003030825052932052
0.0003292220542260971
0.00035633978157188187
0.00038441935262560156
0.0004134438533036185
0.0004433958003320183
0.0004742571517778879
0.0005060093179170947
0.000538633172432049
0.0005721090639326738
0.0006064168277936725
0.0006415357983009475
0.0006774448210998456
0.0007141222659377602
0.0007515460396933769
0.0007896935996847519
0.000828541967248173
0.0008680677415796572
0.0009082471138307084
0.0009490558814498886
0.0009904694627615208
0.001032462911772775
0.0010750109332002059
0.0011180878977066755
0.0011616678573395198
0.0012057245611606135
0.0012502314710589623
0.0012951617777362614
0.0013404884168558243
0.0013861840853451146
0.001432221257842108
0.001478572203275532
0.0015252090015690292
0.001572103560459173
0.0016192276324171855
0.0016665528316642045
0.001714050651269805
0.0017616924803235152
0.001809449621168954
0.001857293306690234
0.001905194717640184
0.001953125000000001
0.0020010552823598177
0.002048956693309768
0.002096800378831048
0.002144557519676487
0.0021921993487301968
0.0022396971683357973
0.0022870223675828163
0.0023341464395408287
0.0023810409984309725
0.0024276777967244694
0.002474028742157894
0.002520065914654887
0.0025657615831441776
0.00261108822226374
0.0026560185289410394
0.002700525438839388
0.0027445821426604813
0.002788162102293326
0.002831239066799796
0.0028737870882272268
0.002915780537238481
0.0029571941185501127
0.0029980028861692934
0.003038182258420344
0.0030777080327518283
0.0031165564003152496
0.0031547039603066246
0.003192127734062241
0.0032288051789001555
0.0032647142016990535
0.0032998331722063285
0.003334140936067327
0.003367616827567952
0.0034002406820829063
0.0034319928482221132
0.0034628541996679827
0.0034928061466963822
0.0035218306473743994
0.003549910218428119
0.0035770279457739036
0.0036031674947067955
0.0036283131197399395
0.0036524496740890713
0.003675562618796373
0.003697638031488203
0.0037186626147614078
0.003738623704193185
0.003757509275969652
0.003775307954128549
0.0037920090174116882
0.003807602405723042
0.003822078726188563
0.00383542925881411
0.0038476459617380375
0.0038587214760753153
0.0038686491303502467
0.0038774229445151156
0.0038850376335523434
0.0038914886106579862
0.0038967719900046523
0.0039008845890821818
0.0039038239306146694
0.0039055882440526862
0.0039061764666397892
0.0039055882440526867
0.0039038239306146694
0.0039008845890821813
0.0038967719900046523
0.0038914886106579862
0.003885037633552344
0.0038774229445151156
0.003868649130350247
0.003858721476075315
0.0038476459617380375
0.0038354292588141103
0.003822078726188563
0.0038076024057230413
0.003792009017411688
0.003775307954128549
0.0037575092759696512
0.003738623704193184
0.003718662614761407
0.0036976380314882023
0.003675562618796372
0.0036524496740890705
0.003628313119739939
0.0036031674947067946
0.0035770279457739028
0.0035499102184281183
0.003521830647374398
0.0034928061466963814
0.003462854199667982
0.0034319928482221124
0.0034002406820829055
0.003367616827567951
0.0033341409360673263
0.0032998331722063276
0.0032647142016990526
0.0032288051789001546
0.00319212773406224
0.003154703960306623
0.0031165564003152488
0.0030777080327518275
0.0030381822584203432
0.0029980028861692916
0.002957194118550112
0.002915780537238479
0.0028737870882272255
0.002831239066799794
0.0027881621022933247
0.0027445821426604804
0.0027005254388393863
0.002656018528941038
0.002611088222263739
0.002565761583144176
0.002520065914654886
0.002474028742157892
0.002427677796724468
0.0023810409984309708
0.002334146439540827
0.002287022367582815
0.0022396971683357955
0.002192199348730195
0.0021445575196764855
0.002096800378831046
0.002048956693309767
0.002001055282359816
0.0019531249999999993
0.001905194717640183
0.0018572933066902317
0.001809449621168953
0.0017616924803235132
0.0017140506512698037
0.0016665528316642027
0.0016192276324171846
0.0015721035604591713
0.0015252090015690284
0.0014785722032755301
0.0014322212578421068
0.0013861840853451133
0.0013404884168558228
0.0012951617777362603
0.0012502314710589606
0.001205724561160612
0.0011616678573395183
0.0011180878977066747
0.0010750109332002041
0.001032462911772774
0.0009904694627615189
0.0009490558814498869
0.0009082471138307075
0.0008680677415796558
0.0008285419672481723
0.0007896935996847504
0.0007515460396933755
0.0007141222659377587
0.0006774448210998448
0.0006415357983009462
0.0006064168277936717
0.0005721090639326722
0.0005386331724320475
0.0005060093179170941
0.0004742571517778867
0.00044339580033201775
0.0004134438533036178
0.000384419352625601
0.00035633978157188073
0.00032922205422609643
0.0003030825052932042
0.0002779368802600605
0.00025380032591092936
0.00023068738120362727
0.00020861196851179738
0.00018758738523859216
0.0001676262958068156
0.0001487407240303482
0.00013094204587145076
0.0001142409825883114
9.86475942769586e-5
8.417127381143676e-5
7.082074118588968e-5
5.860403826196258e-5
4.752852392468498e-5
3.7600869649753386e-5
2.8827055484884123e-5
2.1212366447656056e-5
1.4761389342013534e-5
9.478009995347672e-6
5.365410917818489e-6
2.4260693853303066e-6
6.617559473132357e-7
7.353336021041408e-8
6.61755947313259e-7
2.4260693853303536e-6
5.365410917818561e-6
9.478009995347765e-6
1.4761389342013653e-5
2.121236644765619e-5
2.8827055484884282e-5
3.7600869649753576e-5
4.752852392468518e-5
5.860403826196281e-5
7.082074118588993e-5
8.417127381143703e-5
9.864759427695891e-5
0.00011424098258831174
0.0001309420458714511
0.0001487407240303486
0.000167626295806816
0.00018758738523859256
0.0002086119685117978
0.00023068738120362773
0.00025380032591092985
0.0002779368802600609
0.0003030825052932048
0.0003292220542260971
0.0003563397815718813
0.00038441935262560156
0.00041344385330361846
0.0004433958003320184
0.0004742571517778874
0.0005060093179170947
0.0005386331724320483
0.0005721090639326729
0.0006064168277936724
0.0006415357983009469
0.0006774448210998456
0.0007141222659377595
0.0007515460396933762
0.000789693599684751
0.000828541967248173
0.0008680677415796566
0.0009082471138307083
0.0009490558814498878
0.0009904694627615198
0.001032462911772775
0.001075010933200205
0.0011180878977066755
0.0011616678573395192
0.001205724561160613
0.0012502314710589615
0.0012951617777362612
0.0013404884168558237
0.0013861840853451146
0.0014322212578421075
0.0014785722032755312
0.001525209001569029
0.0015721035604591722
0.0016192276324171852
0.0016665528316642034
0.0017140506512698047
0.001761692480323514
0.0018094496211689538
0.0018572933066902328
0.0019051947176401839
0.0019531250000000004
0.002001055282359817
0.0020489566933097675
0.0020968003788310466
0.0021445575196764864
0.0021921993487301963
0.002239697168335797
0.0022870223675828154
0.0023341464395408287
0.0023810409984309716
0.002427677796724469
0.002474028742157893
0.0025200659146548863
0.002565761583144177
0.0026110882222637397
0.002656018528941039
0.002700525438839388
0.0027445821426604817
0.002788162102293325
0.0028312390667997954
0.002873787088227226
0.002915780537238481
0.0029571941185501127
0.002998002886169292
0.0030381822584203445
0.003077708032751828
0.003116556400315249
0.003154703960306624
0.003192127734062241
0.003228805178900155
0.003264714201699054
0.0032998331722063285
0.0033341409360673276
0.003367616827567952
0.0034002406820829055
0.0034319928482221132
0.0034628541996679823
0.0034928061466963827
0.003521830647374398
0.0035499102184281188
0.0035770279457739036
0.003603167494706796
0.0036283131197399395
0.0036524496740890705
0.003675562618796373
0.0036976380314882023
0.0037186626147614078
0.003738623704193184
0.0037575092759696517
0.0037753079541285486
0.0037920090174116882
0.0038076024057230413
0.003822078726188563
0.00383542925881411
0.003847645961738037
0.0038587214760753153
0.0038686491303502467
0.0038774229445151156
0.003885037633552344
0.0038914886106579862
0.0038967719900046523
0.0039008845890821818
0.0039038239306146694
0.0039055882440526862
0.0039061764666397892
0.0039055882440526867
0.0039038239306146694
0.0039008845890821813
0.0038967719900046523
0.0038914886106579862
0.003885037633552344
0.0038774229445151156
0.0038686491303502463
0.003858721476075315
0.0038476459617380367
0.0038354292588141103
0.0038220787261885637
0.0038076024057230413
0.0037920090174116882
0.0037753079541285486
0.0037575092759696517
0.0037386237041931846
0.0037186626147614078
0.0036976380314882023
0.0036755626187963725
0.0036524496740890705
0.0036283131197399395
0.0036031674947067955
0.0035770279457739036
0.0035499102184281183
0.003521830647374398
0.003492806146696382
0.0034628541996679823
0.0034319928482221132
0.003400240682082905
0.003367616827567952
0.003334140936067327
0.0032998331722063285
0.003264714201699054
0.003228805178900154
0.00319212773406224
0.0031547039603066233
0.0031165564003152496
0.0030777080327518275
0.0030381822584203432
0.0029980028861692916
0.0029571941185501122
0.002915780537238481
0.0028737870882272263
0.0028312390667997954
0.0027881621022933243
0.0027445821426604804
0.002700525438839387
0.002656018528941039
0.002611088222263739
0.0025657615831441768
0.0025200659146548854
0.002474028742157892
0.002427677796724469
0.0023810409984309716
0.002334146439540828
0.002287022367582815
0.002239697168335797
0.002192199348730196
0.0021445575196764864
0.002096800378831046
0.0020489566933097675
0.002001055282359816
0.0019531249999999996
0.001905194717640184
0.0018572933066902321
0.0018094496211689534
0.0017616924803235134
0.001714050651269804
0.0016665528316642034
0.001619227632417185
0.0015721035604591717
0.0015252090015690284
0.0014785722032755304
0.0014322212578421075
0.0013861840853451142
0.0013404884168558232
0.001295161777736261
0.0012502314710589606
0.0012057245611606126
0.0011616678573395192
0.001118087897706675
0.0010750109332002048
0.001032462911772774
0.0009904694627615193
0.0009490558814498878
0.000908247113830708
0.0008680677415796562
0.0008285419672481725
0.0007896935996847504
0.0007515460396933763
0.0007141222659377594
0.0006774448210998453
0.0006415357983009463
0.000606416827793672
0.0005721090639326725
0.0005386331724320481
0.0005060093179170945
0.00047425715177788703
0.00044339580033201796
0.00041344385330361786
0.00038441935262560156
0.0003563397815718811
0.00032922205422609676
0.0003030825052932044
0.0002779368802600605
0.0002538003259109296
0.00023068738120362762
0.00020861196851179766
0.00018758738523859235
0.0001676262958068157
0.0001487407240303482
0.00013094204587145105
0.0001142409825883116
9.864759427695874e-5
8.417127381143683e-5
7.082074118588979e-5
5.860403826196277e-5
4.752852392468512e-5
3.760086964975349e-5
2.882705548488418e-5
2.121236644765608e-5
1.476138934201364e-5
9.478009995347741e-6
5.3654109178185295e-6
2.4260693853303252e-6
6.617559473132411e-7
7.353336021040925e-8
6.617559473132412e-7
2.4260693853303257e-6
5.3654109178185295e-6
9.47800999534774e-6
1.4761389342013641e-5
2.1212366447656076e-5
2.8827055484884177e-5
3.760086964975349e-5
4.752852392468512e-5
5.860403826196277e-5
7.08207411858898e-5
8.417127381143683e-5
9.864759427695874e-5
0.00011424098258831161
0.00013094204587145103
0.0001487407240303482
0.0001676262958068157
0.00018758738523859235
0.00020861196851179766
0.00023068738120362762
0.00025380032591092963
0.0002779368802600605
0.0003030825052932044
0.00032922205422609676
0.0003563397815718811
0.00038441935262560156
0.00041344385330361797
0.0004433958003320179
0.00047425715177788703
0.0005060093179170944
0.0005386331724320481
0.0005721090639326725
0.000606416827793672
0.0006415357983009463
0.0006774448210998452
0.0007141222659377594
0.0007515460396933763
0.0007896935996847503
0.0008285419672481725
0.0008680677415796561
0.000908247113830708
0.0009490558814498878
0.000990469462761519
0.001032462911772774
0.0010750109332002048
0.001118087897706675
0.0011616678573395192
0.0012057245611606126
0.0012502314710589606
0.001295161777736261
0.0013404884168558232
0.0013861840853451142
0.0014322212578421073
0.0014785722032755306
0.0015252090015690286
0.0015721035604591717
0.0016192276324171848
0.0016665528316642036
0.0017140506512698039
0.0017616924803235134
0.0018094496211689534
0.0018572933066902321
0.001905194717640184
0.001953125
0.002001055282359816
0.0020489566933097675
0.002096800378831046
0.0021445575196764864
0.002192199348730196
0.002239697168335797
0.0022870223675828145
0.002334146439540828
0.0023810409984309716
0.002427677796724469
0.0024740287421578925
0.0025200659146548854
0.0025657615831441768
0.002611088222263739
0.002656018528941039
0.002700525438839387
0.0027445821426604804
0.0027881621022933243
0.0028312390667997954
0.002873787088227226
0.0029157805372384805
0.0029571941185501122
0.0029980028861692916
0.0030381822584203432
0.003077708032751827
0.0031165564003152496
0.0031547039603066233
0.0031921277340622406
0.003228805178900154
0.003264714201699054
0.0032998331722063285
0.003334140936067327
0.003367616827567952
0.0034002406820829055
0.0034319928482221132
0.0034628541996679823
0.003492806146696382
0.003521830647374398
0.0035499102184281183
0.0035770279457739036
0.0036031674947067955
0.0036283131197399395
0.00365244967408907
0.003675562618796372
0.0036976380314882023
0.0037186626147614078
0.003738623704193184
0.0037575092759696517
0.0037753079541285486
0.0037920090174116882
0.0038076024057230413
0.003822078726188563
0.00383542925881411
0.003847645961738037
0.0038587214760753153
0.0038686491303502463
0.0038774229445151156
0.0038850376335523434
0.0038914886106579862
0.0038967719900046523
0.0039008845890821818
0.0039038239306146694
0.0039055882440526862
0.0039061764666397892
0.0039055882440526867
0.0039038239306146694
0.0039008845890821813
0.0038967719900046523
0.0038914886106579862
0.0038850376335523443
0.003877422944515116
0.003868649130350247
0.003858721476075315
0.0038476459617380367
0.0038354292588141103
0.0038220787261885637
0.0038076024057230413
0.0037920090174116882
0.0037753079541285486
0.0037575092759696517
0.0037386237041931846
0.0037186626147614078
0.0036976380314882023
0.003675562618796373
0.0036524496740890705
0.0036283131197399395
0.0036031674947067955
0.0035770279457739036
0.0035499102184281183
0.003521830647374398
0.0034928061466963827
0.0034628541996679823
0.0034319928482221132
0.0034002406820829055
0.003367616827567952
0.0033341409360673276
0.0032998331722063285
0.003264714201699054
0.003228805178900155
0.003192127734062241
0.003154703960306624
0.0031165564003152496
0.0030777080327518275
0.003038182258420344
0.002998002886169292
0.0029571941185501127
0.002915780537238481
0.002873787088227226
0.0028312390667997954
0.002788162102293325
0.0027445821426604817
0.002700525438839388
0.0026560185289410394
0.0026110882222637392
0.002565761583144177
0.0025200659146548867
0.002474028742157893
0.0024276777967244694
0.0023810409984309716
0.0023341464395408283
0.0022870223675828154
0.002239697168335797
0.0021921993487301963
0.0021445575196764864
0.0020968003788310466
0.0020489566933097675
0.002001055282359817
0.0019531250000000004
0.0019051947176401839
0.0018572933066902328
0.0018094496211689538
0.001761692480323514
0.0017140506512698047
0.0016665528316642034
0.0016192276324171855
0.0015721035604591722
0.001525209001569029
0.0014785722032755314
0.0014322212578421075
0.0013861840853451146
0.0013404884168558234
0.0012951617777362612
0.0012502314710589615
0.001205724561160613
0.0011616678573395192
0.0011180878977066755
0.001075010933200205
0.001032462911772775
0.0009904694627615198
0.0009490558814498878
0.0009082471138307083
0.0008680677415796566
0.000828541967248173
0.000789693599684751
0.0007515460396933763
0.0007141222659377595
0.0006774448210998456
0.0006415357983009469
0.0006064168277936725
0.0005721090639326729
0.0005386331724320483
0.0005060093179170947
0.0004742571517778874
0.00044339580033201834
0.00041344385330361846
0.00038441935262560156
0.0003563397815718813
0.0003292220542260971
0.0003030825052932048
0.00027793688026006097
0.00025380032591092985
0.00023068738120362776
0.00020861196851179782
0.0001875873852385926
0.000167626295806816
0.0001487407240303486
0.0001309420458714511
0.00011424098258831176
9.864759427695891e-5
8.417127381143703e-5
7.082074118588993e-5
5.860403826196281e-5
4.752852392468518e-5
3.760086964975357e-5
2.8827055484884282e-5
2.121236644765619e-5
1.4761389342013651e-5
9.478009995347763e-6
5.36541091781856e-6
2.4260693853303536e-6
6.617559473132591e-7
7.353336021041408e-8
6.617559473132357e-7
2.426069385330306e-6
5.36541091781849e-6
9.478009995347672e-6
1.4761389342013534e-5
2.1212366447656053e-5
2.8827055484884123e-5
3.760086964975339e-5
4.752852392468498e-5
5.860403826196258e-5
7.082074118588968e-5
8.417127381143674e-5
9.864759427695861e-5
0.0001142409825883114
0.00013094204587145076
0.0001487407240303482
0.0001676262958068156
0.00018758738523859216
0.00020861196851179738
0.0002306873812036273
0.0002538003259109294
0.0002779368802600605
0.0003030825052932042
0.00032922205422609643
0.00035633978157188073
0.000384419352625601
0.00041344385330361786
0.0004433958003320177
0.00047425715177788676
0.0005060093179170941
0.0005386331724320475
0.0005721090639326722
0.0006064168277936717
0.0006415357983009462
0.0006774448210998448
0.0007141222659377588
0.0007515460396933754
0.0007896935996847504
0.0008285419672481723
0.0008680677415796558
0.0009082471138307075
0.000949055881449887
0.0009904694627615189
0.001032462911772774
0.0010750109332002041
0.0011180878977066747
0.0011616678573395183
0.001205724561160612
0.0012502314710589606
0.0012951617777362606
0.0013404884168558226
0.0013861840853451135
0.0014322212578421066
0.0014785722032755301
0.0015252090015690284
0.0015721035604591713
0.0016192276324171846
0.0016665528316642027
0.0017140506512698037
0.0017616924803235132
0.001809449621168953
0.0018572933066902317
0.0019051947176401832
0.0019531249999999996
0.002001055282359816
0.002048956693309767
0.002096800378831046
0.0021445575196764855
0.002192199348730195
0.0022396971683357955
0.002287022367582815
0.002334146439540827
0.0023810409984309708
0.002427677796724468
0.002474028742157892
0.002520065914654886
0.002565761583144176
0.002611088222263739
0.002656018528941038
0.0027005254388393868
0.0027445821426604804
0.002788162102293325
0.0028312390667997946
0.002873787088227225
0.0029157805372384796
0.002957194118550112
0.0029980028861692916
0.003038182258420343
0.0030777080327518275
0.0031165564003152488
0.003154703960306623
0.00319212773406224
0.0032288051789001546
0.003264714201699053
0.0032998331722063276
0.0033341409360673263
0.003367616827567951
0.0034002406820829055
0.0034319928482221124
0.003462854199667982
0.003492806146696382
0.003521830647374398
0.0035499102184281183
0.003577027945773903
0.0036031674947067946
0.003628313119739939
0.0036524496740890705
0.003675562618796372
0.0036976380314882023
0.0037186626147614073
0.003738623704193184
0.0037575092759696517
0.0037753079541285486
0.003792009017411688
0.0038076024057230413
0.003822078726188563
0.00383542925881411
0.0038476459617380375
0.0038587214760753153
0.0038686491303502467
0.0038774229445151156
0.0038850376335523434
0.0038914886106579862
0.0038967719900046523
0.003900884589082181
0.0039038239306146694
0.0039055882440526862
0.0039061764666397892
0.0039055882440526867
0.0039038239306146694
0.0039008845890821813
0.0038967719900046523
0.0038914886106579862
0.003885037633552344
0.0038774229445151156
0.003868649130350247
0.0038587214760753153
0.0038476459617380375
0.0038354292588141103
0.003822078726188563
0.0038076024057230413
0.003792009017411689
0.0037753079541285495
0.003757509275969652
0.0037386237041931846
0.0037186626147614078
0.003697638031488203
0.003675562618796373
0.0036524496740890713
0.0036283131197399395
0.0036031674947067955
0.003577027945773904
0.0035499102184281196
0.0035218306473743994
0.0034928061466963827
0.0034628541996679823
0.0034319928482221137
0.0034002406820829063
0.003367616827567952
0.003334140936067327
0.0032998331722063285
0.003264714201699054
0.0032288051789001555
0.003192127734062241
0.0031547039603066246
0.0031165564003152496
0.0030777080327518283
0.003038182258420344
0.0029980028861692934
0.0029571941185501127
0.002915780537238481
0.0028737870882272268
0.002831239066799796
0.002788162102293326
0.0027445821426604813
0.002700525438839388
0.0026560185289410394
0.0026110882222637397
0.002565761583144177
0.002520065914654887
0.002474028742157894
0.002427677796724469
0.0023810409984309725
0.0023341464395408287
0.0022870223675828163
0.0022396971683357973
0.0021921993487301968
0.002144557519676487
0.0020968003788310475
0.002048956693309768
0.0020010552823598177
0.001953125000000001
0.0019051947176401839
0.0018572933066902339
0.0018094496211689542
0.001761692480323515
0.001714050651269805
0.0016665528316642045
0.0016192276324171852
0.0015721035604591733
0.001525209001569029
0.001478572203275532
0.001432221257842108
0.0013861840853451146
0.0013404884168558243
0.0012951617777362614
0.0012502314710589623
0.0012057245611606135
0.0011616678573395198
0.0011180878977066757
0.0010750109332002059
0.001032462911772775
0.0009904694627615208
0.0009490558814498886
0.0009082471138307084
0.0008680677415796572
0.000828541967248173
0.0007896935996847518
0.0007515460396933769
0.0007141222659377602
0.0006774448210998456
0.0006415357983009476
0.0006064168277936725
0.0005721090639326738
0.0005386331724320488
0.0005060093179170947
0.00047425715177788796
0.0004433958003320183
0.00041344385330361846
0.00038441935262560156
0.0003563397815718818
0.0003292220542260971
0.0003030825052932052
0.0002779368802600609
0.00025380032591092963
0.00023068738120362816
0.00020861196851179782
0.00018758738523859294
0.00016762629580681604
0.0001487407240303486
0.0001309420458714511
0.00011424098258831206
9.864759427695891e-5
8.41712738114373e-5
7.082074118589005e-5
5.860403826196282e-5
4.7528523924685384e-5
3.760086964975359e-5
2.8827055484884435e-5
2.1212366447656205e-5
1.476138934201377e-5
9.478009995347763e-6
5.365410917818631e-6
2.4260693853303502e-6
6.617559473132867e-7
3.676668010520465e-8
