2.352624599272701e-6
4.230191501104083e-5
0.0001547298360043242
0.00034090626983987997
0.0005990382356854761
0.0009266397816007335
0.0013205559256132678
0.001776993039919769
0.0022915553855955666
0.0028592874459633993
0.003474721650928013
0.004131931032665043
0.004824586305561168
0.005546016820694516
0.006289274807830317
0.007047202286246293
0.007812500000000003
0.008577797713753714
0.00933572519216969
0.010078983179305492
0.010800413694438838
0.011493068967334963
0.012150278349071992
0.012765712554036607
0.013333444614404437
0.013848006960080234
0.014304444074386736
0.014698360218399268
0.015025961764314526
0.01528409373016012
0.015470270163995678
0.01558269808498896
0.015620294750801456
0.01558269808498896
0.015470270163995676
0.01528409373016012
0.015025961764314522
0.014698360218399268
0.014304444074386732
0.01384800696008023
0.013333444614404433
0.012765712554036602
0.01215027834907199
0.011493068967334957
0.010800413694438833
0.010078983179305487
0.009335725192169684
0.008577797713753709
0.007812499999999997
0.007047202286246285
0.006289274807830304
0.005546016820694513
0.004824586305561165
0.0041319310326650375
0.0034747216509280086
0.002859287445963391
0.00229155538559556
0.0017769930399197688
0.0013205559256132644
0.0009266397816007309
0.0005990382356854733
0.0003409062698398771
0.0001547298360043244
4.230191501104053e-5
4.705249198545308e-6
4.2301915011040895e-5
0.00015472983600432516
0.0003409062698398782
0.0005990382356854749
0.0009266397816007329
0.0013205559256132668
0.0017769930399197716
0.002291555385595563
0.002859287445963394
0.0034747216509280116
0.004131931032665041
0.004824586305561169
0.005546016820694517
0.006289274807830308
0.0070472022862462895
0.007812500000000002
0.008577797713753712
0.009335725192169695
0.010078983179305487
0.010800413694438835
0.01149306896733496
0.01215027834907199
0.012765712554036608
0.013333444614404439
0.01384800696008023
0.014304444074386736
0.014698360218399268
0.015025961764314526
0.015284093730160124
0.015470270163995676
0.01558269808498896
0.015620294750801456
0.01558269808498896
0.015470270163995674
0.015284093730160122
0.015025961764314526
0.014698360218399268
0.014304444074386734
0.01384800696008023
0.013333444614404439
0.012765712554036608
0.01215027834907199
0.01149306896733496
0.010800413694438831
0.010078983179305485
0.009335725192169691
0.008577797713753714
0.007812499999999998
0.007047202286246286
0.006289274807830308
0.005546016820694515
0.004824586305561168
0.00413193103266504
0.0034747216509280086
0.002859287445963393
0.0022915553855955614
0.0017769930399197697
0.0013205559256132665
0.0009266397816007313
0.0005990382356854733
0.0003409062698398779
0.00015472983600432448
4.2301915011040746e-5
4.705249198545341e-6
4.2301915011040746e-5
0.00015472983600432448
0.0003409062698398779
0.0005990382356854734
0.0009266397816007313
0.0013205559256132665
0.0017769930399197695
0.0022915553855955614
0.002859287445963393
0.003474721650928008
0.00413193103266504
0.004824586305561169
0.005546016820694514
0.006289274807830308
0.007047202286246286
0.007812499999999998
0.008577797713753714
0.009335725192169691
0.010078983179305485
0.010800413694438831
0.01149306896733496
0.01215027834907199
0.012765712554036607
0.013333444614404439
0.01384800696008023
0.014304444074386736
0.014698360218399268
0.015025961764314526
0.015284093730160124
0.015470270163995674
0.01558269808498896
0.015620294750801456
0.01558269808498896
0.015470270163995676
0.015284093730160122
0.015025961764314526
0.014698360218399268
0.014304444074386734
0.01384800696008023
0.013333444614404439
0.012765712554036607
0.012150278349071992
0.01149306896733496
0.010800413694438835
0.010078983179305487
0.009335725192169695
0.008577797713753712
0.007812500000000002
0.0070472022862462895
0.006289274807830308
0.005546016820694517
0.004824586305561169
0.004131931032665041
0.0034747216509280116
0.002859287445963394
0.0022915553855955627
0.0017769930399197716
0.0013205559256132668
0.0009266397816007329
0.0005990382356854748
0.0003409062698398782
0.00015472983600432516
4.2301915011040895e-5
4.705249198545308e-6
4.230191501104052e-5
0.0001547298360043244
0.0003409062698398771
0.0005990382356854733
0.0009266397816007309
0.0013205559256132646
0.0017769930399197686
0.00229155538559556
0.0028592874459633906
0.0034747216509280086
0.0041319310326650375
0.004824586305561165
0.005546016820694513
0.0062892748078303045
0.007047202286246285
0.007812499999999998
0.008577797713753709
0.009335725192169683
0.010078983179305485
0.010800413694438833
0.011493068967334957
0.012150278349071989
0.012765712554036602
0.013333444614404433
0.013848006960080232
0.014304444074386732
0.014698360218399268
0.015025961764314522
0.01528409373016012
0.015470270163995678
0.01558269808498896
0.015620294750801456
0.01558269808498896
0.015470270163995676
0.015284093730160122
0.015025961764314526
0.014698360218399268
0.014304444074386736
0.013848006960080234
0.013333444614404437
0.012765712554036607
0.012150278349071992
0.01149306896733496
0.010800413694438836
0.01007898317930549
0.00933572519216969
0.008577797713753714
0.007812500000000003
0.007047202286246293
0.006289274807830317
0.005546016820694516
0.004824586305561168
0.0041319310326650436
0.003474721650928013
0.002859287445963399
0.0022915553855955666
0.001776993039919769
0.0013205559256132676
0.0009266397816007336
0.0005990382356854761
0.0003409062698398799
0.0001547298360043242
4.230191501104083e-5
2.352624599272701e-6
