-2.207336764139082e-7
8.308993758256886e-6
3.647223530685727e-5
8.353236772836359e-5
0.00014941407259744677
0.0002341148695051415
0.0003376315695143621
0.0004599602752797957
0.0006010963811948724
0.0007610345735649679
0.0009397688308074668
0.0011372924236786952
0.0013535979155269843
0.001588677162572775
0.0018425213142154015
0.002115120813365934
0.0024064653968072676
0.002716544095580659
0.0030453452353981576
0.003392856437082856
0.0037590646170344013
0.0041439559877216444
0.0045475160582022145
0.004969729634667472
0.00541058082101481
0.005870053019446455
0.006348128931093649
0.0068447905566684794
0.007360019197141718
0.00789379545444592
0.00844609923220698
0.00901690973649977
0.009606205476631194
0.010213964265950008
0.010840163222681177
0.011484778770787778
0.012147786640859084
0.01282916187102327
0.013528878807887956
0.014246911107506312
0.014983231736367637
0.0157378129724168
0.0165106264060967
0.017301642941418026
0.01811083279705571
0.018938165507468886
0.019783609924048432
0.020647134216290348
0.02152870587299276
0.022428291703480954
0.023345857838857325
0.02428136973327493
0.025234792165240154
0.02620608923893723
0.02719522438557992
0.028202160364789508
0.02922685926599531
0.030269282509862615
0.03132939084974603
0.032407144373165296
0.0335025025033093
0.0346154240005641
0.03574586696406366
0.036893788833269915
0.03805914638957317
0.03924189575791963
0.040441992408464675
0.04165939115824746
0.042894046172892886
0.04414591096833809
0.0454149384125806
0.046701080727454235
0.04800428949042848
0.04932451563642913
0.05066170945968868
0.05201582061561534
0.05338679812268888
0.05477459036438175
0.05617914509110012
0.05760040942215212
0.05903832984773968
0.06049285223097096
0.06196392180990015
0.06345148319958983
0.06495548039419351
0.06647585676906766
0.06801255508290088
0.06956551747986968
0.07113468549181826
0.07272000004045757
0.07432140143959057
0.07593882939736046
0.07757222301851824
0.079221520806717
0.08088666066682813
0.08256757990727595
0.084264215242402
0.08597650279484469
0.08770437809794476
0.0894477760981745
0.09120663115758433
0.09298087705627484
0.09477044699489176
0.09657527359713763
0.09839528891231075
0.10023042441786419
0.10208061102198217
0.10394577906618575
0.1058258583279521
0.1077207780233588
0.10963046680975146
0.11155485278842606
0.11349386350733787
0.11544742596383022
0.11741546660737995
0.11939791134236909
0.12139468553087475
0.12340571399547613
0.1254309210220892
0.12747023036281382
0.1295235652388051
0.13159084834316667
0.13367200184385758
0.13576694738662431
0.13787560609795238
0.1399978985880323
0.14213374495375106
0.14428306478170133
0.14644577715120544
0.1486218006373649
0.1508110533141265
0.15301345275736275
0.15522891604798078
0.15745735977503958
0.15969870003889142
0.16195285245434338
0.1642197321538306
0.16649925379061303
0.16879133154199072
0.1710958791125309
0.1734128097373199
0.1757420361852303
0.17808347076220135
0.18043702531454592
0.18280261123226504
0.185180139452385
0.18756952046231348
0.18997066430320508
0.19238348057335114
0.1948078784315839
0.19724376660069334
0.1996910533708664
0.20214964660314075
0.204619453732869
0.20710038177321027
0.20959233731862562
0.2120952265483962
0.2146089552301585
0.21713342872344782
0.21966855198326354
0.222214229563649
0.2247703656212812
0.22733686391908195
0.22991362782984226
0.23250056033985572
0.2350975640525767
0.23770454119228313
0.240321393607758
0.24294802277598834
0.2455843298058699
0.24823021544193263
0.250885580068079
0.2535503237113306
0.2562243460455953
0.2589075463954447
0.2615998237399007
0.26430107671624425
0.26701120362382724
0.2697301024279024
0.2724576707634678
0.2751938059391165
0.27793840494090555
0.28069136443623444
0.2834525807777336
0.28622195000716794
0.2889993678593529
0.291784729766074
0.29457793086003137
0.2973788659787822
0.3001874296687016
0.30300351618895516
0.3058270195154763
0.3086578333449602
0.3114958510988678
0.3143409659274334
0.3171930707136914
0.3200520580775102
0.3229178203796297
0.3257902497257204
0.3286692379704406
0.331554676721509
0.3344464573437888
0.33734447096337367
0.340248608471688
0.3431587605295975
0.34607481757152075
0.3489966698095584
0.3519242072376263
0.35485731963559325
0.35779589657343636
0.36073982741539506
0.36368900132413573
0.3666433072649287
0.3696026340098253
0.37256687014184475
0.375535904059174
0.37850962397936294
0.3814879179435369
0.38447067382061295
0.38745777931151654
0.3904491219534157
0.3934445891239506
0.39644406804547355
0.3994474457893003
0.40245460927995597
0.40546544529943357
0.4084798404914608
0.4114976813657609
0.4145188543023304
0.4175432455557174
0.4205707412592989
0.4236012274295738
0.4266345899704508
0.42967071467754336
0.4327094872424738
0.4357507932571721
0.4387945182181849
0.44184054753098934
0.4448887665143023
0.44793906040440146
0.4509913143594476
0.4540454134638025
0.4571012427323626
0.4601586871148827
0.46321763150030903
0.4662779607211153
0.4693395595576362
0.4724023127424046
0.4754661049644962
0.47853082087386406
0.4815963450856861
0.4846625621847102
0.4877293567295933
0.4907966132572559
0.4938642162872231
0.49693205032597343
0.4999999998712907
0.5030679494166079
0.5061357834553584
0.5092033864853253
0.5122706430129881
0.5153374375578711
0.518403654656895
0.5214691788687172
0.5245338947780851
0.5275976870001768
0.5306604401849454
0.533722039021466
0.5367823682422724
0.5398413126276984
0.5428987570102191
0.545954586278779
0.5490086853831339
0.5520609393381799
0.5551112332282793
0.558159452211592
0.5612054815243964
0.5642492064854093
0.5672905125001075
0.5703292850650379
0.5733654097721307
0.5763987723130076
0.5794292584832826
0.5824567541868637
0.5854811454402509
0.5885023183768204
0.5915201592511206
0.5945345544431476
0.5975453904626254
0.600552553953281
0.6035559316971079
0.6065554106186306
0.6095508777891657
0.6125422204310647
0.6155293259219681
0.6185120817990446
0.6214903757632185
0.6244640956834074
0.6274331296007365
0.6303973657327562
0.6333566924776525
0.6363109984184456
0.6392601723271861
0.642204103169145
0.6451426801069884
0.648075792504955
0.6510033299330228
0.6539251821710603
0.6568412392129839
0.6597513912708934
0.6626555287792076
0.6655535423987924
0.6684453230210722
0.6713307617721407
0.6742097500168608
0.6770821793629515
0.6799479416650711
0.68280692902889
0.6856590338151481
0.6885041486437136
0.691342166397621
0.694172980227105
0.6969964835536263
0.69981257007388
0.7026211337637988
0.70542206888255
0.7082152699765075
0.7110006318832286
0.7137780497354131
0.7165474189648476
0.7193086353063469
0.722061594801676
0.7248061938034649
0.7275423289791134
0.730269897314679
0.7329887961187541
0.735698923026337
0.7384001760026806
0.7410924533471367
0.7437756536969862
0.7464496760312506
0.7491144196745022
0.7517697843006487
0.7544156699367114
0.7570519769665928
0.7596786061348234
0.7622954585502983
0.7649024356900045
0.7674994394027256
0.770086371912739
0.7726631358234993
0.7752296341213001
0.7777857701789324
0.7803314477593177
0.7828665710191334
0.7853910445124228
0.7879047731941851
0.7904076624239557
0.7928996179693711
0.7953805460097122
0.7978503531394405
0.8003089463717148
0.8027562331418879
0.8051921213109975
0.8076165191692302
0.8100293354393762
0.8124304792802679
0.8148198602901963
0.8171973885103163
0.8195629744280355
0.8219165289803798
0.824257963557351
0.8265871900052613
0.8289041206300504
0.8312086682005905
0.8335007459519683
0.8357802675887506
0.8380471472882378
0.8403012997036898
0.8425426399675414
0.8447710836946006
0.8469865469852186
0.8491889464284547
0.8513781991052164
0.8535542225913758
0.8557169349608797
0.85786625478883
0.8600021011545489
0.8621243936446288
0.8642330523559567
0.8663279978987238
0.8684091513994144
0.8704764345037761
0.8725297693797673
0.8745690787204919
0.876594285747105
0.8786053142117066
0.8806020884002121
0.882584533135201
0.8845525737787513
0.8865061362352433
0.8884451469541551
0.8903695329328296
0.8922792217192224
0.8941741414146291
0.8960542206763954
0.897919388720599
0.899769575324717
0.9016047108302705
0.9034247261454436
0.9052295527476893
0.9070191226863064
0.9087933685849969
0.9105522236444065
0.9122956216446363
0.9140234969477363
0.915735784500179
0.917432419835305
0.9191133390757531
0.9207784789358642
0.9224277767240631
0.9240611703452207
0.9256785983029907
0.9272799997021236
0.9288653142507629
0.9304344822627114
0.9319874446596803
0.9335241429735134
0.9350445193483878
0.9365485165429913
0.938036077932681
0.9395071475116101
0.9409616698948413
0.9423995903204292
0.9438208546514811
0.9452254093781994
0.9466132016198924
0.9479841791269656
0.9493382902828923
0.9506754841061518
0.9519957102521528
0.953298919015127
0.9545850613300005
0.955854088774243
0.9571059535696883
0.9583406085843338
0.9595580073341164
0.9607581039846617
0.9619408533530077
0.9631062109093113
0.9642541327785172
0.965384575742017
0.9664974972392719
0.9675928553694157
0.968670608892835
0.9697307172327185
0.9707731404765858
0.9717978393777915
0.9728047753570012
0.9737939105036437
0.9747652075773409
0.9757186300093063
0.9766541419037237
0.9775717080391001
0.9784712938695882
0.9793528655262906
0.9802163898185325
0.981061834235112
0.9818891669455253
0.9826983568011628
0.9834893733364843
0.984262186770164
0.9850167680062134
0.9857530886350746
0.9864711209346931
0.9871708378715577
0.987852213101722
0.9885152209717933
0.9891598365198998
0.9897860354766309
0.9903937942659498
0.9909830900060813
0.991553900510374
0.992106204288135
0.9926399805454392
0.9931552091859125
0.9936518708114872
0.9941299467231346
0.9945894189215662
0.9950302701079135
0.9954524836843788
0.9958560437548591
0.9962409351255467
0.996607143305498
0.9969546545071829
0.9972834556470003
0.9975935343457735
0.9978848789292151
0.9981574784283656
0.998411322580008
0.998646401827054
0.9988627073189021
0.9990602309117733
0.9992389651690161
0.9993989033613859
0.9995400394673011
0.9996623681730668
0.9997658848730758
0.9998505856699834
0.9999164673748526
0.9999635275072742
0.9999917642954607
1.000001176676313
0.9999917642954608
0.9999635275072741
0.9999164673748526
0.9998505856699834
0.9997658848730759
0.9996623681730668
0.9995400394673011
0.9993989033613859
0.9992389651690162
0.9990602309117733
0.9988627073189021
0.998646401827054
0.9984113225800082
0.9981574784283653
0.9978848789292151
0.9975935343457737
0.9972834556470002
0.9969546545071828
0.996607143305498
0.9962409351255466
0.9958560437548591
0.9954524836843788
0.9950302701079136
0.994589418921566
0.9941299467231346
0.9936518708114872
0.9931552091859125
0.9926399805454391
0.9921062042881349
0.991553900510374
0.9909830900060811
0.9903937942659499
0.989786035476631
0.9891598365198998
0.988515220971793
0.987852213101722
0.9871708378715578
0.9864711209346929
0.9857530886350746
0.9850167680062134
0.9842621867701642
0.9834893733364842
0.9826983568011628
0.9818891669455253
0.9810618342351121
0.9802163898185323
0.9793528655262903
0.9784712938695883
0.9775717080390999
0.9766541419037237
0.975718630009306
0.9747652075773406
0.9737939105036437
0.9728047753570012
0.9717978393777913
0.9707731404765855
0.9697307172327182
0.9686706088928349
0.9675928553694156
0.9664974972392717
0.9653845757420171
0.9642541327785173
0.963106210909311
0.9619408533530077
0.9607581039846614
0.9595580073341163
0.9583406085843337
0.9571059535696881
0.9558540887742428
0.9545850613300005
0.9532989190151269
0.9519957102521525
0.9506754841061518
0.9493382902828923
0.9479841791269656
0.9466132016198922
0.9452254093781993
0.9438208546514808
0.9423995903204291
0.9409616698948413
0.9395071475116099
0.9380360779326807
0.936548516542991
0.9350445193483875
0.9335241429735132
0.9319874446596801
0.9304344822627114
0.9288653142507626
0.9272799997021234
0.9256785983029905
0.9240611703452203
0.9224277767240628
0.920778478935864
0.9191133390757529
0.917432419835305
0.9157357845001788
0.9140234969477364
0.9122956216446361
0.9105522236444064
0.9087933685849965
0.9070191226863062
0.9052295527476893
0.9034247261454434
0.9016047108302703
0.8997695753247168
0.8979193887205988
0.8960542206763953
0.8941741414146289
0.8922792217192221
0.8903695329328294
0.888445146954155
0.886506136235243
0.884552573778751
0.8825845331352009
0.8806020884002119
0.8786053142117063
0.8765942857471047
0.8745690787204918
0.8725297693797669
0.8704764345037759
0.8684091513994142
0.8663279978987235
0.8642330523559566
0.8621243936446287
0.8600021011545488
0.8578662547888299
0.8557169349608797
0.8535542225913756
0.8513781991052161
0.8491889464284544
0.8469865469852182
0.8447710836946001
0.8425426399675414
0.8403012997036896
0.8380471472882376
0.8357802675887503
0.833500745951968
0.8312086682005904
0.8289041206300498
0.8265871900052614
0.8242579635573506
0.8219165289803797
0.819562974428035
0.817197388510316
0.814819860290196
0.8124304792802677
0.8100293354393759
0.8076165191692298
0.8051921213109973
0.8027562331418876
0.8003089463717145
0.7978503531394403
0.795380546009712
0.7928996179693708
0.7904076624239553
0.7879047731941848
0.7853910445124224
0.782866571019133
0.7803314477593174
0.7777857701789321
0.7752296341212997
0.772663135823499
0.7700863719127388
0.7674994394027252
0.7649024356900043
0.7622954585502978
0.759678606134823
0.7570519769665925
0.7544156699367112
0.7517697843006482
0.7491144196745021
0.7464496760312502
0.7437756536969857
0.7410924533471361
0.7384001760026802
0.735698923026337
0.7329887961187536
0.7302698973146786
0.727542328979113
0.7248061938034643
0.722061594801676
0.7193086353063464
0.7165474189648474
0.713778049735413
0.7110006318832283
0.7082152699765071
0.7054220688825495
0.7026211337637985
0.6998125700738795
0.6969964835536256
0.6941729802271046
0.6913421663976206
0.6885041486437131
0.6856590338151478
0.6828069290288895
0.6799479416650708
0.6770821793629512
0.6742097500168605
0.6713307617721403
0.6684453230210721
0.6655535423987922
0.6626555287792073
0.6597513912708931
0.6568412392129834
0.6539251821710601
0.6510033299330226
0.6480757925049546
0.6451426801069879
0.6422041031691444
0.6392601723271858
0.6363109984184454
0.6333566924776521
0.6303973657327556
0.6274331296007362
0.624464095683407
0.6214903757632182
0.6185120817990443
0.6155293259219677
0.6125422204310644
0.6095508777891652
0.6065554106186304
0.6035559316971074
0.6005525539532806
0.5975453904626252
0.5945345544431473
0.5915201592511202
0.5885023183768201
0.5854811454402505
0.5824567541868634
0.5794292584832822
0.5763987723130072
0.5733654097721302
0.5703292850650374
0.5672905125001072
0.5642492064854092
0.5612054815243956
0.5581594522115916
0.5551112332282792
0.5520609393381795
0.5490086853831335
0.5459545862787782
0.5428987570102184
0.5398413126276987
0.5367823682422719
0.5337220390214658
0.5306604401849451
0.5275976870001761
0.524533894778085
0.5214691788687172
0.5184036546568946
0.515337437557871
0.5122706430129874
0.5092033864853248
0.5061357834553583
0.5030679494166074
0.4999999998712903
0.49693205032597315
0.4938642162872223
0.49079661325725576
0.4877293567295933
0.4846625621847097
0.481596345085686
0.4785308208738634
0.4754661049644956
0.4724023127424047
0.4693395595576355
0.46627796072111494
0.4632176315003088
0.4601586871148819
0.45710124273236236
0.4540454134638024
0.45099131435944706
0.44793906040440123
0.4448887665143016
0.4418405475309888
0.43879451821818494
0.4357507932571716
0.4327094872424734
0.42967071467754314
0.42663458997045
0.4236012274295737
0.42057074125929866
0.41754324555571687
0.4145188543023302
0.41149768136576037
0.40847984049146036
0.4054654452994338
0.4024546092799554
0.3994474457893
0.39644406804547333
0.39344458912394975
0.39044912195341563
0.3874577793115164
0.3844706738206125
0.3814879179435367
0.3785096239793624
0.3755359040591733
0.37256687014184475
0.36960263400982474
0.3666433072649286
0.3636890013241355
0.36073982741539434
0.35779589657343625
0.35485731963559297
0.3519242072376257
0.3489966698095582
0.3460748175715202
0.343158760529597
0.340248608471688
0.33734447096337306
0.33444645734378853
0.33155467672150885
0.3286692379704399
0.3257902497257203
0.3229178203796297
0.3200520580775097
0.31719307071369124
0.31434096592743266
0.31149585109886735
0.30865783334496005
0.3058270195154758
0.3030035161889547
0.30018742966870143
0.29737886597878155
0.2945779308600311
0.2917847297660739
0.2889993678593524
0.28622195000716777
0.283452580777733
0.280691364436234
0.27793840494090527
0.27519380593911613
0.27245767076346744
0.26973010242790224
0.2670112036238266
0.264301076716244
0.2615998237399005
0.2589075463954443
0.2562243460455951
0.25355032371133013
0.2508855800680786
0.2482302154419324
0.24558432980586944
0.24294802277598804
0.24032139360775787
0.23770454119228246
0.23509756405257645
0.23250056033985556
0.2299136278298418
0.2273368639190818
0.22477036562128064
0.22221422956364867
0.21966855198326338
0.21713342872344737
0.2146089552301582
0.21209522654839605
0.20959233731862495
0.20710038177321002
0.20461945373286888
0.2021496466031403
0.19969105337086626
0.19724376660069282
0.1948078784315835
0.19238348057335097
0.18997066430320472
0.18756952046231312
0.18518013945238487
0.18280261123226443
0.1804370253145457
0.17808347076220118
0.17574203618522985
0.17341280973731976
0.1710958791125304
0.16879133154199033
0.1664992537906129
0.1642197321538302
0.16195285245434307
0.15969870003889128
0.15745735977503894
0.15522891604798056
0.15301345275736258
0.15081105331412611
0.1486218006373648
0.14644577715120502
0.144283064781701
0.14213374495375092
0.1399978985880319
0.1378756060979521
0.13576694738662437
0.13367200184385716
0.13159084834316645
0.12952356523880493
0.12747023036281346
0.12543092102208903
0.12340571399547605
0.1213946855308744
0.11939791134236895
0.11741546660737963
0.11544742596382997
0.1134938635073379
0.1115548527884257
0.10963046680975122
0.1077207780233587
0.10582585832795176
0.10394577906618561
0.10208061102198214
0.10023042441786384
0.09839528891231064
0.09657527359713731
0.09477044699489152
0.09298087705627486
0.091206631157584
0.08944777609817432
0.08770437809794464
0.0859765027948444
0.08426421524240187
0.0825675799072759
0.08088666066682783
0.07922152080671688
0.07757222301851795
0.07593882939736028
0.07432140143959062
0.0727200000404573
0.07113468549181808
0.06956551747986957
0.06801255508290065
0.06647585676906753
0.06495548039419347
0.06345148319958958
0.061963921809900055
0.06049285223097072
0.05903832984773951
0.057600409422152145
0.05617914509109988
0.05477459036438157
0.05338679812268879
0.0520158206156151
0.050661709459688585
0.0493245156364291
0.048004289490428245
0.04670108072745415
0.045414938412580375
0.04414591096833791
0.04289404617289291
0.04165939115824725
0.04044199240846452
0.03924189575791955
0.03805914638957295
0.036893788833269825
0.03574586696406363
0.03461542400056391
0.03350250250330924
0.03240714437316507
0.03132939084974584
0.030269282509862647
0.02922685926599513
0.02820216036478939
0.027195224385579857
0.02620608923893697
0.025234792165240084
0.0242813697332749
0.02334585783885717
0.022428291703480895
0.021528705872992576
0.0206471342162902
0.019783609924048456
0.018938165507468737
0.018110832797055616
0.017301642941417977
0.01651062640609649
0.015737812972416745
0.014983231736367614
0.01424691110750618
0.013528878807887912
0.012829161871023124
0.01214778664085897
0.011484778770787792
0.010840163222681064
0.010213964265949933
0.009606205476631158
0.009016909736499613
0.00844609923220694
0.007893795454445908
0.0073600191971416205
0.006844790556668448
0.006348128931093547
0.005870053019446373
0.005410580821014821
0.004969729634667396
0.004547516058202166
0.00414395598772162
0.003759064617034301
0.0033928564370828323
0.003045345235398148
0.0027165440955806007
0.0024064653968072494
0.0021151208133658754
0.001842521314215357
0.001588677162572781
0.0013535979155269442
0.0011372924236786703
0.0009397688308074553
0.0007610345735649226
0.0006010963811948619
0.0004599602752797925
0.0003376315695143414
0.00023411486950513527
0.00014941407259743179
8.353236772835396e-5
3.647223530685779e-5
8.235447120324055e-6
-1.1769337321251467e-6
8.23544712032556e-6
3.6472235306860794e-5
8.353236772835848e-5
0.00014941407259743778
0.00023411486950514277
0.0003376315695143504
0.0004599602752798031
0.0006010963811948738
0.0007610345735649362
0.0009397688308074707
0.0011372924236786872
0.0013535979155269626
0.0015886771625728004
0.0018425213142153776
0.0021151208133658984
0.0024064653968072724
0.0027165440955806263
0.0030453452353981754
0.003392856437082861
0.003759064617034331
0.004143955987721652
0.004547516058202198
0.0049697296346674314
0.005410580821014856
0.005870053019446411
0.006348128931093586
0.006844790556668488
0.007360019197141662
0.00789379545444595
0.008446099232206983
0.009016909736499662
0.009606205476631203
0.010213964265949983
0.010840163222681115
0.011484778770787846
0.012147786640859023
0.01282916187102318
0.013528878807887968
0.01424691110750624
0.014983231736367675
0.015737812972416814
0.01651062640609655
0.017301642941418043
0.018110832797055682
0.018938165507468806
0.019783609924048526
0.02064713421629027
0.021528705872992642
0.022428291703480967
0.023345857838857238
0.02428136973327498
0.025234792165240168
0.02620608923893705
0.027195224385579937
0.028202160364789463
0.02922685926599521
0.030269282509862733
0.03132939084974593
0.03240714437316516
0.03350250250330933
0.034615424000564
0.03574586696406374
0.03689378883326993
0.038059146389573056
0.039241895757919656
0.040441992408464626
0.041659391158247336
0.042894046172893004
0.044145910968338024
0.04541493841258047
0.04670108072745425
0.048004289490428356
0.049324515636429214
0.05066170945968868
0.05201582061561521
0.0533867981226889
0.05477459036438168
0.056179145091099975
0.05760040942215226
0.059038329847739615
0.06049285223097081
0.06196392180990018
0.06345148319958968
0.06495548039419359
0.06647585676906766
0.06801255508290074
0.06956551747986969
0.07113468549181819
0.07272000004045744
0.07432140143959072
0.0759388293973604
0.07757222301851807
0.079221520806717
0.08088666066682798
0.08256757990727603
0.08426421524240199
0.08597650279484453
0.08770437809794478
0.08944777609817445
0.09120663115758414
0.09298087705627503
0.09477044699489165
0.09657527359713745
0.09839528891231077
0.10023042441786399
0.10208061102198228
0.10394577906618577
0.10582585832795192
0.10772077802335885
0.10963046680975136
0.11155485278842589
0.11349386350733807
0.11544742596383015
0.11741546660737978
0.11939791134236911
0.12139468553087455
0.12340571399547622
0.1254309210220892
0.1274702303628136
0.1295235652388051
0.1315908483431666
0.13367200184385736
0.1357669473866245
0.13787560609795232
0.1399978985880321
0.1421337449537511
0.14428306478170114
0.1464457771512052
0.14862180063736496
0.15081105331412623
0.15301345275736278
0.15522891604798073
0.1574573597750391
0.15969870003889144
0.16195285245434327
0.16421973215383037
0.16649925379061303
0.16879133154199055
0.17109587911253066
0.17341280973731993
0.17574203618523004
0.1780834707622014
0.18043702531454586
0.18280261123226463
0.18518013945238515
0.18756952046231334
0.18997066430320486
0.1923834805733512
0.19480787843158373
0.197243766600693
0.19969105337086648
0.20214964660314047
0.20461945373286908
0.2071003817732102
0.20959233731862517
0.21209522654839622
0.21460895523015838
0.21713342872344757
0.2196685519832636
0.22221422956364884
0.22477036562128083
0.227336863919082
0.22991362782984198
0.23250056033985572
0.23509756405257662
0.23770454119228265
0.24032139360775806
0.24294802277598823
0.2455843298058696
0.24823021544193263
0.25088558006807876
0.25355032371133024
0.25622434604559535
0.2589075463954445
0.2615998237399007
0.2643010767162442
0.2670112036238268
0.2697301024279024
0.27245767076346766
0.27519380593911635
0.2779384049409055
0.28069136443623427
0.2834525807777332
0.28622195000716805
0.2889993678593526
0.291784729766074
0.29457793086003126
0.2973788659787819
0.30018742966870166
0.303003516188955
0.30582701951547603
0.3086578333449602
0.3114958510988675
0.314340965927433
0.3171930707136914
0.32005205807750997
0.32291782037962996
0.3257902497257204
0.32866923797044
0.331554676721509
0.3344464573437887
0.3373444709633734
0.34024860847168825
0.34315876052959715
0.3460748175715205
0.34899666980955835
0.351924207237626
0.3548573196355933
0.35779589657343647
0.36073982741539456
0.36368900132413573
0.3666433072649286
0.369602634009825
0.37256687014184503
0.37553590405917375
0.3785096239793625
0.3814879179435369
0.38447067382061273
0.3874577793115167
0.3904491219534158
0.3934445891239499
0.39644406804547355
0.3994474457893002
0.4024546092799556
0.4054654452994339
0.40847984049146047
0.4114976813657606
0.41451885430233054
0.4175432455557172
0.4205707412592989
0.42360122742957385
0.42663458997045023
0.4296707146775434
0.43270948724247377
0.4357507932571718
0.43879451821818516
0.44184054753098906
0.44488876651430187
0.4479390604044015
0.4509913143594473
0.45404541346380256
0.4571012427323625
0.4601586871148822
0.463217631500309
0.4662779607211152
0.46933955955763584
0.47240231274240496
0.4754661049644959
0.4785308208738638
0.48159634508568616
0.4846625621847099
0.4877293567295934
0.4907966132572559
0.49386421628722255
0.49693205032597343
0.49999999987129057
0.5030679494166076
0.5061357834553587
0.509203386485325
0.5122706430129876
0.5153374375578713
0.5184036546568946
0.5214691788687176
0.5245338947780851
0.5275976870001762
0.5306604401849453
0.533722039021466
0.5367823682422721
0.5398413126276991
0.5428987570102186
0.5459545862787786
0.5490086853831337
0.5520609393381797
0.5551112332282793
0.558159452211592
0.5612054815243959
0.5642492064854093
0.5672905125001074
0.5703292850650374
0.5733654097721307
0.5763987723130074
0.5794292584832821
0.5824567541868638
0.5854811454402506
0.5885023183768205
0.5915201592511204
0.5945345544431472
0.5975453904626257
0.6005525539532808
0.6035559316971075
0.606555410618631
0.6095508777891652
0.6125422204310643
0.6155293259219682
0.6185120817990443
0.6214903757632186
0.6244640956834075
0.6274331296007359
0.6303973657327563
0.6333566924776524
0.6363109984184455
0.6392601723271866
0.6422041031691447
0.6451426801069878
0.6480757925049551
0.6510033299330228
0.6539251821710605
0.6568412392129839
0.6597513912708928
0.6626555287792077
0.6655535423987924
0.6684453230210721
0.671330761772141
0.6742097500168607
0.6770821793629512
0.6799479416650712
0.6828069290288896
0.6856590338151481
0.6885041486437136
0.6913421663976206
0.6941729802271052
0.6969964835536262
0.6998125700738795
0.7026211337637992
0.7054220688825497
0.7082152699765072
0.7110006318832286
0.7137780497354129
0.7165474189648479
0.7193086353063468
0.7220615948016759
0.7248061938034648
0.7275423289791134
0.7302698973146788
0.7329887961187544
0.735698923026337
0.7384001760026805
0.7410924533471366
0.7437756536969858
0.7464496760312507
0.7491144196745022
0.7517697843006484
0.7544156699367116
0.7570519769665928
0.759678606134823
0.7622954585502983
0.7649024356900045
0.7674994394027254
0.770086371912739
0.7726631358234991
0.7752296341213003
0.7777857701789322
0.7803314477593174
0.7828665710191334
0.7853910445124226
0.787904773194185
0.7904076624239558
0.792899617969371
0.795380546009712
0.7978503531394405
0.8003089463717146
0.802756233141888
0.8051921213109973
0.8076165191692297
0.8100293354393762
0.8124304792802677
0.814819860290196
0.8171973885103165
0.8195629744280353
0.8219165289803796
0.824257963557351
0.8265871900052612
0.8289041206300504
0.8312086682005906
0.833500745951968
0.8357802675887507
0.8380471472882377
0.8403012997036898
0.8425426399675419
0.8447710836946004
0.8469865469852184
0.8491889464284551
0.851378199105216
0.853554222591376
0.8557169349608799
0.8578662547888298
0.8600021011545489
0.8621243936446288
0.8642330523559565
0.8663279978987236
0.8684091513994143
0.870476434503776
0.8725297693797676
0.8745690787204917
0.8765942857471047
0.8786053142117067
0.8806020884002119
0.8825845331352011
0.884552573778751
0.8865061362352431
0.8884451469541551
0.8903695329328297
0.892279221719222
0.8941741414146294
0.8960542206763953
0.897919388720599
0.899769575324717
0.90160471083027
0.9034247261454436
0.9052295527476892
0.9070191226863061
0.9087933685849967
0.9105522236444065
0.9122956216446361
0.9140234969477367
0.915735784500179
0.917432419835305
0.9191133390757532
0.9207784789358638
0.9224277767240631
0.9240611703452205
0.9256785983029904
0.9272799997021236
0.9288653142507627
0.9304344822627114
0.9319874446596804
0.9335241429735134
0.9350445193483875
0.9365485165429913
0.9380360779326808
0.9395071475116104
0.9409616698948413
0.942399590320429
0.9438208546514809
0.9452254093781993
0.9466132016198923
0.9479841791269659
0.9493382902828922
0.9506754841061515
0.9519957102521528
0.9532989190151269
0.9545850613300005
0.9558540887742429
0.9571059535696882
0.9583406085843338
0.9595580073341164
0.9607581039846613
0.9619408533530079
0.9631062109093109
0.9642541327785171
0.965384575742017
0.9664974972392716
0.9675928553694159
0.968670608892835
0.9697307172327183
0.9707731404765856
0.9717978393777915
0.972804775357001
0.9737939105036441
0.9747652075773408
0.9757186300093061
0.9766541419037238
0.9775717080390999
0.9784712938695884
0.9793528655262906
0.9802163898185324
0.981061834235112
0.9818891669455253
0.982698356801163
0.9834893733364843
0.9842621867701641
0.9850167680062132
0.9857530886350747
0.986471120934693
0.9871708378715578
0.987852213101722
0.988515220971793
0.9891598365198998
0.9897860354766309
0.9903937942659498
0.9909830900060813
0.991553900510374
0.9921062042881349
0.9926399805454392
0.9931552091859125
0.9936518708114873
0.9941299467231346
0.9945894189215662
0.9950302701079135
0.9954524836843788
0.9958560437548591
0.9962409351255467
0.996607143305498
0.9969546545071829
0.9972834556470003
0.9975935343457735
0.9978848789292151
0.9981574784283656
0.998411322580008
0.998646401827054
0.9988627073189021
0.9990602309117733
0.9992389651690161
0.9993989033613859
0.9995400394673011
0.9996623681730668
0.9997658848730758
0.9998505856699834
0.9999164673748526
0.9999635275072742
0.9999917642954607
1.000001176676313
0.9999917642954608
0.9999635275072741
0.9999164673748526
0.9998505856699834
0.9997658848730759
0.9996623681730668
0.9995400394673011
0.9993989033613859
0.9992389651690162
0.9990602309117733
0.9988627073189021
0.998646401827054
0.9984113225800081
0.9981574784283654
0.9978848789292151
0.9975935343457737
0.9972834556470004
0.9969546545071828
0.9966071433054983
0.9962409351255466
0.9958560437548594
0.9954524836843788
0.9950302701079136
0.994589418921566
0.9941299467231346
0.9936518708114872
0.9931552091859125
0.9926399805454391
0.9921062042881349
0.991553900510374
0.9909830900060812
0.9903937942659496
0.989786035476631
0.9891598365198998
0.988515220971793
0.987852213101722
0.9871708378715578
0.9864711209346929
0.9857530886350748
0.9850167680062131
0.9842621867701642
0.9834893733364842
0.9826983568011629
0.9818891669455252
0.9810618342351121
0.9802163898185323
0.9793528655262905
0.9784712938695884
0.9775717080390999
0.9766541419037237
0.9757186300093059
0.9747652075773408
0.9737939105036436
0.9728047753570012
0.9717978393777913
0.9707731404765857
0.9697307172327182
0.968670608892835
0.967592855369416
0.9664974972392715
0.9653845757420171
0.9642541327785171
0.963106210909311
0.9619408533530078
0.9607581039846614
0.9595580073341163
0.9583406085843337
0.9571059535696882
0.9558540887742429
0.9545850613300007
0.9532989190151268
0.9519957102521527
0.9506754841061514
0.9493382902828923
0.9479841791269656
0.9466132016198922
0.9452254093781992
0.9438208546514809
0.942399590320429
0.9409616698948413
0.9395071475116104
0.9380360779326807
0.9365485165429912
0.9350445193483875
0.9335241429735133
0.9319874446596803
0.9304344822627111
0.9288653142507627
0.9272799997021236
0.9256785983029905
0.9240611703452207
0.9224277767240628
0.920778478935864
0.9191133390757531
0.917432419835305
0.9157357845001789
0.9140234969477365
0.9122956216446361
0.9105522236444066
0.9087933685849966
0.9070191226863062
0.9052295527476892
0.9034247261454434
0.9016047108302702
0.8997695753247168
0.8979193887205987
0.8960542206763953
0.8941741414146291
0.892279221719222
0.8903695329328296
0.888445146954155
0.886506136235243
0.884552573778751
0.8825845331352012
0.8806020884002116
0.8786053142117067
0.8765942857471045
0.8745690787204918
0.8725297693797673
0.8704764345037759
0.8684091513994144
0.8663279978987236
0.8642330523559565
0.8621243936446289
0.8600021011545488
0.8578662547888298
0.8557169349608796
0.8535542225913759
0.8513781991052161
0.8491889464284548
0.8469865469852182
0.8447710836946003
0.8425426399675415
0.8403012997036897
0.8380471472882377
0.8357802675887507
0.8335007459519678
0.8312086682005905
0.8289041206300504
0.826587190005261
0.824257963557351
0.8219165289803796
0.8195629744280352
0.8171973885103164
0.8148198602901958
0.8124304792802677
0.8100293354393762
0.8076165191692295
0.8051921213109975
0.8027562331418878
0.8003089463717143
0.7978503531394406
0.7953805460097118
0.7928996179693708
0.7904076624239558
0.7879047731941847
0.7853910445124226
0.7828665710191334
0.7803314477593172
0.7777857701789322
0.7752296341213
0.7726631358234989
0.770086371912739
0.7674994394027251
0.7649024356900042
0.7622954585502982
0.7596786061348231
0.7570519769665927
0.7544156699367114
0.7517697843006482
0.7491144196745021
0.7464496760312507
0.7437756536969857
0.7410924533471367
0.7384001760026802
0.7356989230263369
0.7329887961187542
0.7302698973146785
0.7275423289791131
0.7248061938034647
0.7220615948016755
0.7193086353063465
0.7165474189648477
0.7137780497354128
0.7110006318832285
0.7082152699765069
0.7054220688825497
0.7026211337637989
0.6998125700738794
0.6969964835536261
0.694172980227105
0.6913421663976206
0.6885041486437132
0.6856590338151481
0.6828069290288895
0.6799479416650712
0.6770821793629512
0.6742097500168605
0.6713307617721408
0.668445323021072
0.6655535423987923
0.6626555287792076
0.6597513912708928
0.6568412392129837
0.6539251821710603
0.6510033299330223
0.6480757925049551
0.6451426801069878
0.6422041031691446
0.6392601723271862
0.6363109984184454
0.6333566924776522
0.6303973657327561
0.627433129600736
0.6244640956834071
0.6214903757632185
0.6185120817990442
0.6155293259219682
0.6125422204310643
0.6095508777891652
0.6065554106186308
0.6035559316971074
0.6005525539532807
0.5975453904626253
0.5945345544431471
0.5915201592511203
0.5885023183768204
0.5854811454402504
0.5824567541868638
0.5794292584832821
0.5763987723130072
0.5733654097721308
0.5703292850650377
0.5672905125001073
0.5642492064854091
0.5612054815243958
0.5581594522115918
0.5551112332282792
0.5520609393381795
0.5490086853831337
0.5459545862787785
0.5428987570102184
0.5398413126276987
0.5367823682422722
0.5337220390214659
0.5306604401849452
0.5275976870001764
0.5245338947780849
0.5214691788687174
0.5184036546568945
0.5153374375578712
0.5122706430129874
0.509203386485325
0.5061357834553584
0.5030679494166077
0.49999999987129046
0.4969320503259734
0.4938642162872226
0.4907966132572557
0.48772935672959333
0.48466256218470977
0.48159634508568605
0.4785308208738636
0.47546610496449576
0.47240231274240474
0.4693395595576357
0.46627796072111516
0.4632176315003088
0.4601586871148821
0.4571012427323624
0.4540454134638024
0.45099131435944706
0.44793906040440135
0.4448887665143018
0.441840547530989
0.438794518218185
0.43575079325717175
0.43270948724247354
0.42967071467754314
0.42663458997045023
0.42360122742957385
0.4205707412592988
0.4175432455557169
0.4145188543023304
0.4114976813657604
0.40847984049146047
0.4054654452994336
0.40245460927995547
0.39944744578930014
0.39644406804547344
0.3934445891239499
0.3904491219534156
0.38745777931151654
0.38447067382061245
0.38148791794353687
0.37850962397936244
0.3755359040591737
0.3725668701418448
0.3696026340098249
0.36664330726492866
0.36368900132413556
0.36073982741539456
0.35779589657343636
0.3548573196355931
0.35192420723762585
0.3489966698095584
0.34607481757152037
0.3431587605295971
0.34024860847168803
0.3373444709633731
0.3344464573437886
0.3315546767215089
0.3286692379704401
0.32579024972572024
0.32291782037962974
0.3200520580775098
0.31719307071369135
0.3143409659274329
0.31149585109886746
0.3086578333449603
0.30582701951547575
0.3030035161889549
0.3001874296687015
0.2973788659787818
0.2945779308600312
0.291784729766074
0.2889993678593524
0.2862219500071679
0.28345258077773317
0.2806913644362341
0.27793840494090544
0.27519380593911624
0.27245767076346755
0.26973010242790235
0.26701120362382674
0.2643010767162441
0.2615998237399006
0.2589075463954442
0.2562243460455953
0.25355032371133024
0.2508855800680787
0.24823021544193258
0.24558432980586953
0.2429480227759881
0.24032139360775792
0.23770454119228265
0.23509756405257662
0.23250056033985572
0.22991362782984182
0.22733686391908192
0.22477036562128078
0.22221422956364872
0.21966855198326363
0.21713342872344746
0.21460895523015824
0.2120952265483961
0.2095923373186251
0.20710038177321016
0.20461945373286908
0.20214964660314025
0.19969105337086637
0.19724376660069293
0.19480787843158356
0.1923834805733512
0.18997066430320472
0.1875695204623132
0.18518013945238493
0.18280261123226457
0.1804370253145458
0.17808347076220138
0.17574203618522982
0.17341280973731987
0.17109587911253057
0.16879133154199039
0.1664992537906131
0.1642197321538302
0.16195285245434318
0.1596987000388913
0.1574573597750391
0.15522891604798064
0.15301345275736272
0.15081105331412606
0.14862180063736488
0.14644577715120513
0.14428306478170103
0.1421337449537511
0.139997898588032
0.13787560609795213
0.1357669473866244
0.1336720018438573
0.1315908483431666
0.12952356523880507
0.1274702303628134
0.12543092102208914
0.12340571399547616
0.12139468553087447
0.1193979113423691
0.11741546660737967
0.11544742596383001
0.11349386350733794
0.11155485278842582
0.10963046680975133
0.10772077802335878
0.10582585832795176
0.1039457790661857
0.10208061102198221
0.10023042441786391
0.0983952889123108
0.09657527359713736
0.09477044699489157
0.0929808770562749
0.0912066311575841
0.08944777609817443
0.08770437809794471
0.08597650279484441
0.08426421524240194
0.08256757990727598
0.08088666066682793
0.07922152080671699
0.07757222301851797
0.07593882939736031
0.07432140143959064
0.07272000004045741
0.07113468549181814
0.06956551747986964
0.0680125550829006
0.0664758567690676
0.06495548039419353
0.06345148319958961
0.06196392180990015
0.06049285223097074
0.05903832984773954
0.05760040942215217
0.05617914509109994
0.054774590364381655
0.05338679812268886
0.052015820615615105
0.05066170945968864
0.04932451563642913
0.04800428949042829
0.04670108072745425
0.0454149384125804
0.04414591096833794
0.04289404617289293
0.04165939115824732
0.040441992408464585
0.03924189575791961
0.03805914638957295
0.03689378883326987
0.03574586696406367
0.03461542400056394
0.03350250250330931
0.03240714437316513
0.031329390849745904
0.030269282509862654
0.02922685926599518
0.02820216036478943
0.027195224385579895
0.02620608923893705
0.02523479216524012
0.02428136973327493
0.023345857838857193
0.022428291703480954
0.021528705872992628
0.020647134216290258
0.01978360992404846
0.01893816550746878
0.01811083279705565
0.017301642941418005
0.016510626406096556
0.01573781297241677
0.014983231736367638
0.014246911107506196
0.013528878807887957
0.012829161871023165
0.012147786640859009
0.011484778770787797
0.0108401632226811
0.010213964265949957
0.009606205476631179
0.009016909736499662
0.008446099232206957
0.007893795454445924
0.0073600191971416335
0.006844790556668483
0.006348128931093574
0.005870053019446399
0.005410580821014823
0.0049697296346674176
0.0045475160582021815
0.004143955987721634
0.003759064617034331
0.003392856437082841
0.003045345235398157
0.0027165440955806085
0.002406465396807268
0.00211512081336589
0.001842521314215372
0.0015886771625727813
0.0013535979155269557
0.0011372924236786783
0.0009397688308074621
0.0007610345735649361
0.0006010963811948659
0.00045996027527979585
0.0003376315695143438
0.0002341148695051412
0.00014941407259743544
8.353236772835708e-5
3.647223530685792e-5
8.23544712032516e-6
-1.1769337321254954e-6
8.23544712032516e-6
3.647223530685793e-5
8.35323677283571e-5
0.00014941407259743544
0.00023411486950514118
0.00033763156951434385
0.0004599602752797959
0.0006010963811948658
0.0007610345735649362
0.0009397688308074621
0.0011372924236786783
0.0013535979155269557
0.0015886771625727813
0.001842521314215372
0.0021151208133658905
0.002406465396807268
0.002716544095580608
0.0030453452353981576
0.003392856437082841
0.0037590646170343315
0.004143955987721634
0.0045475160582021815
0.0049697296346674176
0.005410580821014823
0.005870053019446399
0.006348128931093574
0.006844790556668482
0.007360019197141633
0.007893795454445924
0.008446099232206957
0.009016909736499662
0.00960620547663118
0.010213964265949959
0.0108401632226811
0.0114847787707878
0.01214778664085901
0.012829161871023165
0.013528878807887956
0.014246911107506198
0.014983231736367638
0.015737812972416772
0.016510626406096553
0.01730164294141801
0.018110832797055647
0.018938165507468782
0.019783609924048456
0.020647134216290258
0.021528705872992625
0.022428291703480954
0.023345857838857197
0.02428136973327493
0.025234792165240123
0.02620608923893705
0.0271952243855799
0.02820216036478943
0.029226859265995178
0.03026928250986265
0.03132939084974591
0.03240714437316513
0.03350250250330931
0.03461542400056394
0.03574586696406367
0.03689378883326987
0.03805914638957295
0.039241895757919615
0.04044199240846459
0.041659391158247315
0.042894046172892934
0.04414591096833794
0.0454149384125804
0.046701080727454256
0.04800428949042829
0.04932451563642914
0.05066170945968865
0.052015820615615105
0.05338679812268886
0.054774590364381655
0.05617914509109994
0.05760040942215217
0.05903832984773954
0.06049285223097073
0.061963921809900166
0.06345148319958961
0.06495548039419353
0.0664758567690676
0.0680125550829006
0.06956551747986964
0.07113468549181814
0.07272000004045741
0.07432140143959064
0.0759388293973603
0.07757222301851797
0.07922152080671699
0.08088666066682793
0.08256757990727598
0.08426421524240194
0.0859765027948444
0.08770437809794472
0.0894477760981744
0.09120663115758411
0.0929808770562749
0.09477044699489157
0.09657527359713734
0.09839528891231078
0.10023042441786394
0.1020806110219822
0.10394577906618571
0.10582585832795172
0.10772077802335878
0.10963046680975133
0.11155485278842582
0.11349386350733795
0.11544742596383
0.11741546660737968
0.11939791134236909
0.12139468553087447
0.12340571399547616
0.12543092102208914
0.1274702303628134
0.12952356523880507
0.13159084834316653
0.1336720018438573
0.1357669473866244
0.13787560609795213
0.139997898588032
0.1421337449537511
0.14428306478170105
0.1464457771512051
0.14862180063736488
0.15081105331412606
0.15301345275736272
0.15522891604798064
0.15745735977503914
0.1596987000388913
0.16195285245434315
0.16421973215383023
0.1664992537906131
0.16879133154199044
0.17109587911253055
0.17341280973731987
0.17574203618522982
0.1780834707622013
0.1804370253145458
0.18280261123226457
0.18518013945238493
0.18756952046231318
0.18997066430320475
0.19238348057335117
0.1948078784315836
0.19724376660069293
0.19969105337086637
0.20214964660314028
0.20461945373286905
0.20710038177321013
0.2095923373186251
0.2120952265483961
0.21460895523015824
0.21713342872344749
0.21966855198326363
0.22221422956364872
0.22477036562128078
0.22733686391908192
0.22991362782984182
0.23250056033985572
0.23509756405257662
0.23770454119228265
0.24032139360775795
0.2429480227759881
0.24558432980586953
0.24823021544193258
0.25088558006807865
0.25355032371133024
0.25622434604559524
0.2589075463954442
0.2615998237399006
0.26430107671624403
0.26701120362382674
0.2697301024279024
0.27245767076346755
0.27519380593911624
0.27793840494090544
0.28069136443623416
0.28345258077773317
0.286221950007168
0.28899936785935243
0.29178472976607395
0.29457793086003126
0.2973788659787819
0.3001874296687015
0.3030035161889549
0.30582701951547575
0.3086578333449602
0.31149585109886746
0.3143409659274329
0.31719307071369135
0.3200520580775098
0.32291782037962974
0.3257902497257203
0.32866923797044006
0.3315546767215089
0.33444645734378853
0.3373444709633732
0.34024860847168803
0.34315876052959715
0.34607481757152037
0.3489966698095584
0.35192420723762585
0.3548573196355931
0.35779589657343636
0.36073982741539456
0.36368900132413556
0.36664330726492866
0.3696026340098249
0.37256687014184486
0.3755359040591737
0.37850962397936255
0.38148791794353687
0.3844706738206125
0.3874577793115166
0.39044912195341563
0.39344458912395003
0.39644406804547333
0.39944744578930014
0.40245460927995547
0.4054654452994336
0.4084798404914605
0.41149768136576037
0.41451885430233043
0.4175432455557169
0.42057074125929883
0.42360122742957373
0.4266345899704503
0.42967071467754314
0.4327094872424736
0.4357507932571717
0.438794518218185
0.4418405475309889
0.4448887665143018
0.44793906040440135
0.4509913143594471
0.4540454134638024
0.4571012427323624
0.46015868711488217
0.46321763150030876
0.46627796072111516
0.46933955955763573
0.4724023127424047
0.47546610496449576
0.47853082087386356
0.48159634508568605
0.48466256218470977
0.48772935672959333
0.4907966132572558
0.4938642162872226
0.49693205032597326
0.49999999987129046
0.5030679494166076
0.5061357834553584
0.509203386485325
0.5122706430129874
0.5153374375578712
0.5184036546568945
0.5214691788687174
0.5245338947780849
0.5275976870001763
0.5306604401849452
0.5337220390214659
0.5367823682422721
0.5398413126276987
0.5428987570102184
0.5459545862787785
0.5490086853831337
0.5520609393381796
0.5551112332282793
0.5581594522115918
0.5612054815243959
0.5642492064854091
0.5672905125001074
0.5703292850650374
0.5733654097721307
0.5763987723130071
0.5794292584832821
0.5824567541868639
0.5854811454402503
0.5885023183768205
0.5915201592511202
0.5945345544431471
0.5975453904626253
0.6005525539532807
0.6035559316971074
0.6065554106186308
0.6095508777891653
0.6125422204310641
0.6155293259219682
0.6185120817990442
0.6214903757632186
0.6244640956834073
0.627433129600736
0.6303973657327562
0.6333566924776521
0.6363109984184453
0.6392601723271863
0.6422041031691446
0.6451426801069878
0.6480757925049551
0.6510033299330223
0.6539251821710603
0.6568412392129837
0.6597513912708928
0.6626555287792076
0.6655535423987923
0.668445323021072
0.6713307617721407
0.6742097500168607
0.6770821793629511
0.6799479416650712
0.6828069290288895
0.6856590338151481
0.6885041486437135
0.6913421663976205
0.6941729802271049
0.6969964835536261
0.6998125700738794
0.702621133763799
0.7054220688825495
0.7082152699765067
0.7110006318832286
0.7137780497354127
0.7165474189648477
0.7193086353063466
0.7220615948016755
0.7248061938034648
0.7275423289791132
0.7302698973146786
0.7329887961187541
0.7356989230263369
0.7384001760026802
0.7410924533471368
0.7437756536969856
0.7464496760312506
0.7491144196745021
0.7517697843006482
0.7544156699367114
0.7570519769665927
0.7596786061348231
0.7622954585502983
0.7649024356900042
0.7674994394027252
0.7700863719127389
0.7726631358234991
0.7752296341213001
0.7777857701789321
0.7803314477593173
0.7828665710191333
0.7853910445124226
0.7879047731941846
0.7904076624239558
0.7928996179693709
0.7953805460097118
0.7978503531394405
0.8003089463717146
0.8027562331418879
0.8051921213109974
0.8076165191692296
0.8100293354393762
0.8124304792802676
0.814819860290196
0.8171973885103164
0.8195629744280353
0.8219165289803796
0.8242579635573511
0.8265871900052609
0.8289041206300504
0.8312086682005906
0.8335007459519679
0.8357802675887507
0.8380471472882377
0.8403012997036896
0.8425426399675418
0.8447710836946004
0.8469865469852182
0.8491889464284547
0.851378199105216
0.8535542225913759
0.8557169349608799
0.8578662547888295
0.8600021011545489
0.8621243936446288
0.8642330523559565
0.8663279978987235
0.8684091513994144
0.8704764345037759
0.8725297693797673
0.8745690787204918
0.8765942857471047
0.8786053142117067
0.8806020884002117
0.8825845331352011
0.8845525737787509
0.886506136235243
0.8884451469541552
0.8903695329328297
0.892279221719222
0.8941741414146291
0.8960542206763953
0.8979193887205987
0.899769575324717
0.90160471083027
0.9034247261454434
0.9052295527476891
0.9070191226863061
0.9087933685849967
0.9105522236444065
0.9122956216446361
0.9140234969477365
0.9157357845001791
0.917432419835305
0.9191133390757532
0.9207784789358638
0.922427776724063
0.9240611703452205
0.9256785983029904
0.9272799997021236
0.9288653142507627
0.9304344822627111
0.9319874446596802
0.9335241429735133
0.9350445193483875
0.9365485165429913
0.9380360779326806
0.9395071475116104
0.9409616698948413
0.942399590320429
0.9438208546514809
0.9452254093781993
0.946613201619892
0.9479841791269658
0.9493382902828922
0.9506754841061514
0.9519957102521526
0.9532989190151269
0.9545850613300005
0.9558540887742429
0.9571059535696881
0.9583406085843337
0.9595580073341162
0.9607581039846612
0.9619408533530078
0.9631062109093108
0.9642541327785171
0.965384575742017
0.9664974972392716
0.9675928553694159
0.968670608892835
0.9697307172327183
0.9707731404765857
0.9717978393777915
0.972804775357001
0.9737939105036438
0.9747652075773408
0.9757186300093059
0.9766541419037236
0.9775717080390999
0.9784712938695884
0.9793528655262904
0.9802163898185324
0.981061834235112
0.9818891669455253
0.9826983568011628
0.9834893733364843
0.9842621867701641
0.9850167680062132
0.9857530886350747
0.986471120934693
0.9871708378715579
0.9878522131017219
0.988515220971793
0.9891598365198998
0.9897860354766309
0.9903937942659496
0.9909830900060813
0.991553900510374
0.9921062042881349
0.9926399805454392
0.9931552091859125
0.9936518708114872
0.9941299467231346
0.9945894189215662
0.9950302701079135
0.9954524836843788
0.9958560437548591
0.9962409351255467
0.996607143305498
0.9969546545071829
0.9972834556470003
0.9975935343457735
0.9978848789292151
0.9981574784283656
0.998411322580008
0.998646401827054
0.9988627073189021
0.9990602309117733
0.9992389651690161
0.9993989033613859
0.9995400394673011
0.9996623681730668
0.9997658848730758
0.9998505856699834
0.9999164673748526
0.9999635275072742
0.9999917642954607
1.000001176676313
0.9999917642954608
0.9999635275072741
0.9999164673748526
0.9998505856699834
0.9997658848730759
0.9996623681730668
0.9995400394673011
0.9993989033613859
0.9992389651690162
0.9990602309117733
0.9988627073189021
0.998646401827054
0.9984113225800081
0.9981574784283654
0.9978848789292151
0.9975935343457737
0.9972834556470004
0.9969546545071828
0.9966071433054983
0.9962409351255466
0.9958560437548594
0.9954524836843788
0.9950302701079136
0.994589418921566
0.9941299467231345
0.9936518708114873
0.9931552091859125
0.9926399805454391
0.9921062042881349
0.991553900510374
0.9909830900060812
0.9903937942659499
0.989786035476631
0.9891598365198998
0.9885152209717932
0.9878522131017222
0.9871708378715578
0.9864711209346929
0.9857530886350748
0.9850167680062131
0.9842621867701642
0.9834893733364845
0.982698356801163
0.9818891669455253
0.9810618342351121
0.9802163898185323
0.9793528655262906
0.9784712938695883
0.9775717080391
0.9766541419037238
0.9757186300093059
0.9747652075773408
0.9737939105036441
0.9728047753570012
0.9717978393777915
0.9707731404765857
0.9697307172327182
0.968670608892835
0.967592855369416
0.9664974972392717
0.9653845757420172
0.9642541327785171
0.963106210909311
0.9619408533530078
0.9607581039846614
0.9595580073341163
0.9583406085843338
0.9571059535696882
0.9558540887742429
0.9545850613300007
0.953298919015127
0.9519957102521528
0.9506754841061515
0.9493382902828922
0.9479841791269658
0.9466132016198922
0.9452254093781994
0.9438208546514809
0.942399590320429
0.9409616698948413
0.9395071475116104
0.9380360779326808
0.9365485165429912
0.9350445193483874
0.9335241429735134
0.9319874446596805
0.9304344822627112
0.9288653142507627
0.9272799997021236
0.9256785983029905
0.9240611703452207
0.9224277767240631
0.9207784789358638
0.9191133390757532
0.9174324198353049
0.915735784500179
0.9140234969477367
0.9122956216446361
0.9105522236444066
0.9087933685849968
0.9070191226863061
0.9052295527476892
0.9034247261454436
0.90160471083027
0.899769575324717
0.897919388720599
0.8960542206763954
0.8941741414146294
0.892279221719222
0.8903695329328296
0.8884451469541552
0.886506136235243
0.884552573778751
0.8825845331352011
0.880602088400212
0.8786053142117067
0.8765942857471045
0.8745690787204918
0.8725297693797678
0.8704764345037758
0.8684091513994144
0.8663279978987236
0.8642330523559565
0.8621243936446289
0.8600021011545488
0.8578662547888298
0.8557169349608799
0.8535542225913759
0.8513781991052162
0.8491889464284549
0.8469865469852184
0.8447710836946003
0.842542639967542
0.8403012997036896
0.8380471472882377
0.8357802675887507
0.833500745951968
0.8312086682005905
0.8289041206300505
0.8265871900052612
0.8242579635573508
0.8219165289803796
0.8195629744280352
0.8171973885103164
0.814819860290196
0.8124304792802677
0.8100293354393762
0.8076165191692297
0.8051921213109975
0.802756233141888
0.8003089463717145
0.7978503531394404
0.795380546009712
0.792899617969371
0.790407662423956
0.787904773194185
0.7853910445124226
0.7828665710191335
0.7803314477593173
0.7777857701789325
0.7752296341213003
0.7726631358234991
0.770086371912739
0.7674994394027254
0.7649024356900044
0.7622954585502983
0.7596786061348231
0.7570519769665928
0.7544156699367114
0.7517697843006484
0.7491144196745022
0.7464496760312508
0.7437756536969858
0.7410924533471366
0.7384001760026804
0.735698923026337
0.7329887961187544
0.7302698973146788
0.7275423289791134
0.7248061938034648
0.7220615948016758
0.7193086353063469
0.7165474189648479
0.7137780497354129
0.7110006318832285
0.7082152699765071
0.7054220688825497
0.7026211337637992
0.6998125700738794
0.6969964835536263
0.694172980227105
0.6913421663976207
0.6885041486437135
0.6856590338151481
0.6828069290288895
0.6799479416650712
0.677082179362951
0.6742097500168606
0.6713307617721411
0.6684453230210721
0.6655535423987923
0.6626555287792077
0.6597513912708928
0.6568412392129839
0.6539251821710607
0.6510033299330226
0.648075792504955
0.6451426801069878
0.6422041031691448
0.6392601723271867
0.6363109984184454
0.6333566924776524
0.6303973657327561
0.6274331296007359
0.6244640956834074
0.6214903757632186
0.6185120817990443
0.6155293259219682
0.6125422204310642
0.6095508777891653
0.606555410618631
0.6035559316971075
0.6005525539532808
0.5975453904626254
0.5945345544431472
0.5915201592511203
0.5885023183768204
0.5854811454402505
0.5824567541868638
0.5794292584832821
0.5763987723130074
0.5733654097721307
0.5703292850650377
0.5672905125001073
0.5642492064854093
0.5612054815243959
0.558159452211592
0.5551112332282793
0.5520609393381796
0.5490086853831336
0.5459545862787786
0.5428987570102186
0.539841312627699
0.5367823682422721
0.5337220390214661
0.5306604401849453
0.5275976870001762
0.5245338947780851
0.5214691788687175
0.5184036546568948
0.5153374375578712
0.5122706430129876
0.5092033864853249
0.5061357834553587
0.5030679494166076
0.49999999987129057
0.49693205032597343
0.49386421628722255
0.49079661325725593
0.48772935672959344
0.48466256218470993
0.48159634508568616
0.4785308208738638
0.4754661049644959
0.4724023127424049
0.46933955955763584
0.4662779607211151
0.46321763150030903
0.4601586871148821
0.4571012427323625
0.4540454134638026
0.4509913143594473
0.44793906040440157
0.444888766514302
0.441840547530989
0.4387945182181852
0.43575079325717186
0.4327094872424737
0.4296707146775435
0.4266345899704503
0.4236012274295739
0.42057074125929894
0.4175432455557172
0.4145188543023305
0.41149768136576054
0.40847984049146047
0.4054654452994339
0.4024546092799556
0.3994474457893002
0.39644406804547355
0.39344458912395
0.3904491219534158
0.3874577793115167
0.3844706738206127
0.3814879179435369
0.3785096239793626
0.37553590405917375
0.3725668701418451
0.36960263400982496
0.36664330726492866
0.36368900132413573
0.3607398274153946
0.35779589657343647
0.3548573196355933
0.35192420723762596
0.34899666980955835
0.34607481757152037
0.34315876052959715
0.34024860847168825
0.3373444709633734
0.3344464573437887
0.33155467672150907
0.32866923797044
0.3257902497257204
0.32291782037963
0.3200520580775099
0.3171930707136914
0.31434096592743294
0.3114958510988675
0.3086578333449602
0.30582701951547603
0.303003516188955
0.3001874296687016
0.2973788659787819
0.29457793086003126
0.291784729766074
0.28899936785935265
0.2862219500071681
0.2834525807777333
0.28069136443623427
0.2779384049409055
0.27519380593911635
0.27245767076346766
0.26973010242790246
0.2670112036238268
0.2643010767162442
0.26159982373990076
0.2589075463954445
0.2562243460455953
0.2535503237113303
0.25088558006807876
0.24823021544193263
0.24558432980586967
0.24294802277598826
0.24032139360775806
0.23770454119228265
0.23509756405257662
0.23250056033985572
0.229913627829842
0.227336863919082
0.22477036562128083
0.2222142295636488
0.2196685519832636
0.2171334287234476
0.21460895523015838
0.21209522654839622
0.20959233731862517
0.2071003817732102
0.20461945373286913
0.20214964660314044
0.19969105337086646
0.19724376660069304
0.19480787843158368
0.19238348057335122
0.18997066430320486
0.18756952046231334
0.1851801394523851
0.1828026112322646
0.18043702531454586
0.1780834707622014
0.17574203618523004
0.17341280973731993
0.17109587911253066
0.16879133154199055
0.16649925379061306
0.16421973215383037
0.16195285245434327
0.15969870003889147
0.15745735977503914
0.1552289160479807
0.1530134527573628
0.15081105331412623
0.14862180063736496
0.1464457771512052
0.14428306478170114
0.14213374495375108
0.1399978985880321
0.13787560609795232
0.1357669473866245
0.13367200184385736
0.1315908483431666
0.12952356523880515
0.1274702303628136
0.12543092102208916
0.12340571399547622
0.12139468553087455
0.11939791134236911
0.11741546660737981
0.11544742596383013
0.11349386350733807
0.1115548527884259
0.10963046680975136
0.10772077802335886
0.10582585832795191
0.10394577906618575
0.10208061102198228
0.10023042441786398
0.0983952889123108
0.09657527359713747
0.09477044699489168
0.09298087705627499
0.09120663115758415
0.08944777609817445
0.08770437809794478
0.08597650279484452
0.08426421524240202
0.08256757990727603
0.08088666066682798
0.079221520806717
0.07757222301851809
0.07593882939736041
0.07432140143959073
0.07272000004045744
0.07113468549181819
0.06956551747986968
0.06801255508290076
0.06647585676906766
0.06495548039419358
0.0634514831995897
0.061963921809900166
0.060492852230970826
0.05903832984773962
0.057600409422152256
0.056179145091099975
0.054774590364381696
0.05338679812268889
0.052015820615615216
0.05066170945968868
0.049324515636429214
0.048004289490428356
0.04670108072745424
0.04541493841258048
0.04414591096833802
0.04289404617289301
0.04165939115824733
0.040441992408464626
0.039241895757919656
0.038059146389573056
0.03689378883326992
0.03574586696406373
0.034615424000564
0.03350250250330933
0.03240714437316516
0.03132939084974593
0.030269282509862733
0.02922685926599521
0.028202160364789466
0.027195224385579943
0.026206089238937046
0.025234792165240168
0.02428136973327498
0.023345857838857235
0.022428291703480967
0.021528705872992646
0.02064713421629027
0.01978360992404853
0.018938165507468803
0.018110832797055682
0.017301642941418043
0.016510626406096556
0.01573781297241681
0.014983231736367673
0.01424691110750624
0.013528878807887968
0.012829161871023181
0.012147786640859023
0.01148477877078785
0.010840163222681113
0.010213964265949983
0.009606205476631203
0.009016909736499662
0.008446099232206985
0.00789379545444595
0.007360019197141664
0.006844790556668488
0.0063481289310935865
0.005870053019446412
0.005410580821014856
0.004969729634667431
0.004547516058202199
0.004143955987721651
0.003759064617034331
0.00339285643708286
0.003045345235398176
0.0027165440955806263
0.002406465396807273
0.002115120813365898
0.0018425213142153776
0.0015886771625728
0.0013535979155269626
0.0011372924236786872
0.0009397688308074707
0.0007610345735649362
0.0006010963811948738
0.000459960275279803
0.0003376315695143505
0.00023411486950514272
0.00014941407259743775
8.353236772835849e-5
3.64722353068608e-5
8.235447120325558e-6
-1.1769337321251467e-6
8.235447120324055e-6
3.647223530685779e-5
8.353236772835396e-5
0.00014941407259743176
0.00023411486950513524
0.0003376315695143414
0.00045996027527979254
0.0006010963811948619
0.0007610345735649226
0.0009397688308074555
0.0011372924236786703
0.0013535979155269444
0.0015886771625727807
0.001842521314215357
0.0021151208133658754
0.002406465396807249
0.002716544095580601
0.0030453452353981485
0.0033928564370828323
0.003759064617034301
0.00414395598772162
0.004547516058202165
0.004969729634667396
0.005410580821014821
0.005870053019446373
0.006348128931093547
0.006844790556668448
0.0073600191971416205
0.007893795454445908
0.00844609923220694
0.009016909736499615
0.009606205476631158
0.010213964265949933
0.010840163222681063
0.011484778770787794
0.012147786640858969
0.012829161871023122
0.013528878807887912
0.01424691110750618
0.014983231736367614
0.015737812972416745
0.01651062640609649
0.017301642941417977
0.018110832797055616
0.018938165507468734
0.01978360992404846
0.020647134216290206
0.021528705872992576
0.022428291703480895
0.023345857838857165
0.0242813697332749
0.025234792165240088
0.02620608923893697
0.027195224385579864
0.02820216036478939
0.029226859265995126
0.030269282509862647
0.03132939084974584
0.03240714437316507
0.03350250250330923
0.03461542400056391
0.03574586696406363
0.036893788833269825
0.03805914638957295
0.03924189575791955
0.04044199240846452
0.04165939115824725
0.0428940461728929
0.04414591096833791
0.045414938412580375
0.04670108072745415
0.048004289490428245
0.0493245156364291
0.05066170945968857
0.0520158206156151
0.05338679812268879
0.054774590364381585
0.05617914509109987
0.057600409422152145
0.05903832984773951
0.0604928522309707
0.06196392180990007
0.06345148319958957
0.06495548039419347
0.06647585676906755
0.06801255508290063
0.06956551747986958
0.07113468549181808
0.07272000004045728
0.07432140143959061
0.07593882939736027
0.07757222301851795
0.07922152080671689
0.08088666066682781
0.0825675799072759
0.08426421524240187
0.08597650279484442
0.08770437809794465
0.08944777609817432
0.09120663115758401
0.09298087705627488
0.0947704469948915
0.09657527359713733
0.09839528891231063
0.10023042441786384
0.10208061102198214
0.10394577906618563
0.10582585832795174
0.10772077802335868
0.10963046680975123
0.11155485278842571
0.11349386350733788
0.11544742596382997
0.11741546660737963
0.11939791134236893
0.12139468553087439
0.12340571399547605
0.125430921022089
0.12747023036281344
0.12952356523880498
0.13159084834316642
0.1336720018438572
0.13576694738662434
0.13787560609795213
0.1399978985880319
0.14213374495375092
0.144283064781701
0.14644577715120502
0.14862180063736477
0.15081105331412606
0.15301345275736258
0.15522891604798053
0.15745735977503894
0.15969870003889128
0.16195285245434307
0.1642197321538302
0.16649925379061284
0.16879133154199036
0.17109587911253046
0.1734128097373198
0.17574203618522985
0.17808347076220124
0.18043702531454572
0.1828026112322644
0.18518013945238493
0.18756952046231312
0.1899706643032047
0.19238348057335097
0.1948078784315835
0.1972437666006928
0.1996910533708663
0.20214964660314028
0.2046194537328689
0.20710038177321002
0.20959233731862498
0.21209522654839608
0.2146089552301582
0.21713342872344735
0.21966855198326343
0.22221422956364864
0.22477036562128067
0.22733686391908184
0.2299136278298418
0.23250056033985553
0.23509756405257648
0.23770454119228246
0.24032139360775787
0.242948022775988
0.24558432980586947
0.24823021544193238
0.2508855800680786
0.25355032371133013
0.2562243460455951
0.2589075463954443
0.2615998237399005
0.264301076716244
0.2670112036238265
0.2697301024279022
0.27245767076346744
0.27519380593911613
0.2779384049409053
0.280691364436234
0.28345258077773294
0.28622195000716777
0.2889993678593523
0.29178472976607384
0.29457793086003115
0.29737886597878155
0.30018742966870143
0.3030035161889547
0.3058270195154758
0.30865783334496005
0.31149585109886735
0.31434096592743266
0.31719307071369124
0.3200520580775097
0.3229178203796296
0.3257902497257203
0.3286692379704399
0.3315546767215089
0.3344464573437885
0.33734447096337306
0.340248608471688
0.34315876052959693
0.34607481757152014
0.3489966698095583
0.35192420723762574
0.354857319635593
0.35779589657343625
0.3607398274153944
0.36368900132413556
0.36664330726492855
0.3696026340098248
0.3725668701418447
0.37553590405917336
0.3785096239793624
0.38148791794353676
0.3844706738206125
0.3874577793115165
0.3904491219534156
0.3934445891239498
0.3964440680454733
0.3994474457893
0.40245460927995536
0.4054654452994338
0.40847984049146036
0.4114976813657603
0.4145188543023302
0.41754324555571687
0.4205707412592987
0.4236012274295737
0.42663458997045
0.42967071467754314
0.43270948724247354
0.43575079325717153
0.438794518218185
0.4418405475309888
0.4448887665143016
0.44793906040440123
0.45099131435944706
0.45404541346380245
0.45710124273236236
0.4601586871148819
0.46321763150030876
0.466277960721115
0.4693395595576355
0.47240231274240474
0.4754661049644956
0.4785308208738634
0.4815963450856859
0.48466256218470977
0.4877293567295932
0.4907966132572558
0.4938642162872224
0.49693205032597315
0.4999999998712902
0.5030679494166074
0.5061357834553583
0.5092033864853248
0.5122706430129874
0.515337437557871
0.5184036546568945
0.5214691788687172
0.524533894778085
0.5275976870001761
0.5306604401849452
0.5337220390214656
0.5367823682422719
0.5398413126276987
0.5428987570102184
0.5459545862787782
0.5490086853831335
0.5520609393381793
0.555111233228279
0.5581594522115916
0.5612054815243956
0.5642492064854092
0.5672905125001072
0.5703292850650374
0.5733654097721302
0.5763987723130072
0.5794292584832821
0.5824567541868634
0.5854811454402505
0.5885023183768201
0.5915201592511201
0.5945345544431472
0.5975453904626251
0.6005525539532806
0.6035559316971075
0.6065554106186304
0.6095508777891652
0.6125422204310642
0.6155293259219679
0.6185120817990443
0.6214903757632182
0.6244640956834071
0.6274331296007363
0.6303973657327557
0.633356692477652
0.6363109984184454
0.6392601723271858
0.6422041031691447
0.6451426801069878
0.6480757925049546
0.6510033299330226
0.6539251821710602
0.6568412392129834
0.6597513912708931
0.6626555287792074
0.665553542398792
0.6684453230210721
0.6713307617721402
0.6742097500168606
0.6770821793629511
0.6799479416650709
0.6828069290288894
0.6856590338151478
0.6885041486437132
0.6913421663976207
0.6941729802271045
0.6969964835536259
0.6998125700738795
0.7026211337637985
0.7054220688825494
0.7082152699765071
0.7110006318832282
0.713778049735413
0.7165474189648474
0.7193086353063464
0.7220615948016758
0.7248061938034642
0.7275423289791133
0.7302698973146786
0.7329887961187537
0.7356989230263368
0.7384001760026804
0.7410924533471361
0.7437756536969856
0.7464496760312503
0.7491144196745019
0.7517697843006482
0.7544156699367112
0.7570519769665925
0.7596786061348231
0.7622954585502978
0.7649024356900044
0.7674994394027252
0.7700863719127385
0.7726631358234991
0.7752296341212997
0.7777857701789321
0.7803314477593174
0.7828665710191332
0.7853910445124224
0.7879047731941847
0.7904076624239551
0.7928996179693708
0.795380546009712
0.7978503531394403
0.8003089463717146
0.8027562331418876
0.8051921213109972
0.8076165191692296
0.8100293354393758
0.8124304792802676
0.8148198602901959
0.817197388510316
0.819562974428035
0.8219165289803796
0.8242579635573507
0.826587190005261
0.82890412063005
0.8312086682005904
0.8335007459519681
0.8357802675887503
0.8380471472882376
0.8403012997036897
0.8425426399675414
0.8447710836946001
0.8469865469852182
0.8491889464284547
0.8513781991052161
0.8535542225913757
0.8557169349608795
0.85786625478883
0.8600021011545486
0.8621243936446287
0.8642330523559566
0.8663279978987235
0.868409151399414
0.8704764345037759
0.8725297693797669
0.8745690787204918
0.8765942857471049
0.8786053142117064
0.8806020884002118
0.8825845331352008
0.8845525737787509
0.8865061362352432
0.8884451469541551
0.8903695329328295
0.892279221719222
0.8941741414146288
0.8960542206763954
0.8979193887205988
0.8997695753247168
0.9016047108302702
0.9034247261454434
0.9052295527476892
0.9070191226863062
0.9087933685849965
0.9105522236444065
0.9122956216446361
0.9140234969477363
0.9157357845001788
0.9174324198353051
0.9191133390757529
0.9207784789358638
0.9224277767240628
0.9240611703452204
0.9256785983029904
0.9272799997021235
0.9288653142507627
0.9304344822627113
0.9319874446596801
0.9335241429735132
0.9350445193483876
0.936548516542991
0.9380360779326807
0.93950714751161
0.9409616698948414
0.9423995903204291
0.9438208546514808
0.9452254093781992
0.9466132016198923
0.9479841791269656
0.9493382902828922
0.9506754841061518
0.9519957102521525
0.9532989190151269
0.9545850613300005
0.9558540887742427
0.9571059535696882
0.9583406085843337
0.9595580073341162
0.9607581039846614
0.9619408533530075
0.9631062109093109
0.9642541327785171
0.965384575742017
0.9664974972392716
0.9675928553694157
0.968670608892835
0.9697307172327183
0.9707731404765855
0.9717978393777915
0.972804775357001
0.9737939105036438
0.9747652075773408
0.9757186300093061
0.9766541419037236
0.9775717080390999
0.9784712938695882
0.9793528655262904
0.9802163898185324
0.981061834235112
0.9818891669455253
0.9826983568011628
0.9834893733364843
0.9842621867701641
0.9850167680062132
0.9857530886350747
0.986471120934693
0.9871708378715579
0.9878522131017219
0.988515220971793
0.9891598365198998
0.9897860354766309
0.9903937942659496
0.9909830900060811
0.991553900510374
0.9921062042881349
0.9926399805454392
0.9931552091859125
0.9936518708114872
0.9941299467231346
0.9945894189215659
0.9950302701079136
0.9954524836843788
0.9958560437548591
0.9962409351255466
0.9966071433054982
0.9969546545071829
0.9972834556470003
0.9975935343457735
0.9978848789292151
0.9981574784283653
0.9984113225800082
0.9986464018270538
0.9988627073189023
0.9990602309117733
0.9992389651690161
0.9993989033613859
0.9995400394673011
0.9996623681730668
0.9997658848730758
0.9998505856699834
0.9999164673748526
0.9999635275072742
0.9999917642954607
1.000001176676313
0.9999917642954608
0.9999635275072741
0.9999164673748526
0.9998505856699834
0.9997658848730759
0.9996623681730668
0.9995400394673011
0.9993989033613859
0.9992389651690162
0.9990602309117733
0.9988627073189021
0.998646401827054
0.9984113225800081
0.9981574784283654
0.9978848789292151
0.9975935343457737
0.9972834556470004
0.9969546545071828
0.9966071433054983
0.9962409351255466
0.9958560437548594
0.9954524836843788
0.9950302701079136
0.994589418921566
0.9941299467231346
0.9936518708114872
0.9931552091859125
0.9926399805454391
0.9921062042881351
0.991553900510374
0.9909830900060812
0.9903937942659499
0.989786035476631
0.9891598365198998
0.9885152209717932
0.9878522131017222
0.9871708378715578
0.9864711209346931
0.9857530886350748
0.9850167680062133
0.9842621867701642
0.9834893733364842
0.9826983568011628
0.9818891669455253
0.9810618342351121
0.9802163898185324
0.9793528655262908
0.9784712938695882
0.9775717080391001
0.9766541419037238
0.9757186300093061
0.974765207577341
0.9737939105036436
0.9728047753570012
0.9717978393777915
0.9707731404765858
0.9697307172327184
0.9686706088928352
0.9675928553694159
0.9664974972392719
0.9653845757420172
0.9642541327785173
0.9631062109093113
0.9619408533530078
0.9607581039846614
0.9595580073341166
0.9583406085843338
0.9571059535696884
0.955854088774243
0.9545850613300004
0.9532989190151271
0.9519957102521528
0.9506754841061518
0.9493382902828924
0.9479841791269658
0.9466132016198924
0.9452254093781994
0.943820854651481
0.9423995903204292
0.9409616698948413
0.9395071475116104
0.9380360779326808
0.9365485165429912
0.9350445193483878
0.9335241429735134
0.9319874446596802
0.9304344822627115
0.9288653142507629
0.9272799997021237
0.9256785983029906
0.9240611703452207
0.9224277767240631
0.9207784789358641
0.9191133390757531
0.9174324198353052
0.9157357845001791
0.9140234969477363
0.9122956216446363
0.9105522236444065
0.9087933685849968
0.9070191226863064
0.9052295527476895
0.9034247261454436
0.9016047108302703
0.899769575324717
0.897919388720599
0.8960542206763955
0.894174141414629
0.8922792217192222
0.8903695329328297
0.8884451469541551
0.8865061362352432
0.8845525737787511
0.882584533135201
0.8806020884002123
0.8786053142117066
0.876594285747105
0.874569078720492
0.8725297693797673
0.8704764345037762
0.8684091513994144
0.8663279978987238
0.8642330523559567
0.8621243936446289
0.8600021011545488
0.8578662547888302
0.8557169349608799
0.8535542225913758
0.8513781991052165
0.8491889464284547
0.8469865469852187
0.8447710836946006
0.8425426399675415
0.8403012997036897
0.8380471472882379
0.8357802675887508
0.8335007459519683
0.8312086682005905
0.8289041206300503
0.8265871900052613
0.824257963557351
0.82191652898038
0.8195629744280354
0.8171973885103163
0.8148198602901963
0.8124304792802679
0.8100293354393762
0.8076165191692302
0.8051921213109975
0.8027562331418878
0.8003089463717147
0.7978503531394405
0.7953805460097122
0.792899617969371
0.7904076624239557
0.787904773194185
0.7853910445124227
0.7828665710191335
0.7803314477593177
0.7777857701789322
0.7752296341212999
0.7726631358234995
0.770086371912739
0.7674994394027256
0.7649024356900046
0.7622954585502981
0.7596786061348234
0.7570519769665929
0.7544156699367113
0.7517697843006487
0.7491144196745022
0.7464496760312506
0.7437756536969861
0.7410924533471367
0.7384001760026806
0.7356989230263372
0.7329887961187542
0.7302698973146788
0.7275423289791134
0.7248061938034649
0.7220615948016761
0.7193086353063467
0.7165474189648476
0.7137780497354131
0.7110006318832284
0.7082152699765074
0.7054220688825499
0.7026211337637989
0.6998125700738796
0.6969964835536263
0.694172980227105
0.6913421663976209
0.6885041486437136
0.685659033815148
0.68280692902889
0.6799479416650712
0.6770821793629517
0.6742097500168608
0.6713307617721406
0.6684453230210722
0.6655535423987925
0.6626555287792076
0.6597513912708934
0.6568412392129839
0.6539251821710603
0.6510033299330228
0.6480757925049551
0.6451426801069884
0.642204103169145
0.6392601723271861
0.6363109984184456
0.6333566924776524
0.6303973657327562
0.6274331296007365
0.6244640956834073
0.6214903757632185
0.6185120817990446
0.6155293259219682
0.6125422204310647
0.6095508777891657
0.6065554106186306
0.6035559316971079
0.6005525539532809
0.5975453904626256
0.5945345544431475
0.5915201592511206
0.5885023183768204
0.5854811454402508
0.5824567541868638
0.5794292584832827
0.5763987723130076
0.5733654097721307
0.5703292850650379
0.5672905125001075
0.5642492064854093
0.5612054815243964
0.558159452211592
0.5551112332282793
0.5520609393381799
0.5490086853831337
0.5459545862787789
0.5428987570102188
0.5398413126276984
0.5367823682422724
0.533722039021466
0.5306604401849454
0.5275976870001768
0.5245338947780851
0.5214691788687174
0.518403654656895
0.5153374375578712
0.5122706430129881
0.5092033864853254
0.5061357834553584
0.5030679494166079
0.4999999998712907
0.4969320503259735
0.4938642162872231
0.49079661325725593
0.4877293567295933
0.48466256218471027
0.4815963450856861
0.4785308208738641
0.4754661049644961
0.4724023127424046
0.4693395595576362
0.4662779607211153
0.463217631500309
0.46015868711488267
0.45710124273236263
0.4540454134638025
0.4509913143594476
0.4479390604044015
0.4448887665143023
0.4418405475309894
0.4387945182181848
0.4357507932571721
0.4327094872424738
0.42967071467754336
0.42663458997045084
0.42360122742957385
0.4205707412592989
0.4175432455557174
0.41451885430233043
0.4114976813657609
0.40847984049146074
0.4054654452994336
0.40245460927995585
0.39944744578930036
0.39644406804547355
0.39344458912395047
0.39044912195341575
0.38745777931151654
0.384470673820613
0.38148791794353687
0.37850962397936294
0.375535904059174
0.37256687014184475
0.36960263400982524
0.36664330726492883
0.3636890013241358
0.36073982741539506
0.35779589657343647
0.35485731963559314
0.35192420723762635
0.34899666980955835
0.34607481757152075
0.34315876052959743
0.34024860847168803
0.33734447096337367
0.3344464573437888
0.331554676721509
0.3286692379704406
0.32579024972572046
0.32291782037962974
0.32005205807751025
0.31719307071369135
0.3143409659274334
0.3114958510988677
0.3086578333449602
0.3058270195154763
0.3030035161889551
0.30018742966870154
0.29737886597878227
0.2945779308600314
0.291784729766074
0.2889993678593529
0.28622195000716794
0.2834525807777336
0.28069136443623444
0.27793840494090555
0.27519380593911646
0.2724576707634678
0.2697301024279024
0.2670112036238272
0.26430107671624425
0.26159982373990076
0.2589075463954447
0.2562243460455953
0.2535503237113306
0.2508855800680791
0.2482302154419326
0.24558432980586992
0.24294802277598831
0.240321393607758
0.23770454119228313
0.2350975640525767
0.23250056033985575
0.22991362782984226
0.22733686391908195
0.22477036562128114
0.222214229563649
0.21966855198326357
0.2171334287234478
0.2146089552301585
0.21209522654839622
0.20959233731862564
0.20710038177321027
0.204619453732869
0.2021496466031407
0.19969105337086643
0.19724376660069332
0.1948078784315839
0.1923834805733511
0.18997066430320508
0.18756952046231345
0.185180139452385
0.18280261123226502
0.18043702531454597
0.17808347076220138
0.1757420361852303
0.17341280973731987
0.1710958791125309
0.16879133154199072
0.16649925379061303
0.16421973215383054
0.1619528524543434
0.15969870003889142
0.15745735977503955
0.15522891604798078
0.15301345275736275
0.15081105331412648
0.1486218006373649
0.14644577715120544
0.14428306478170133
0.14213374495375106
0.1399978985880323
0.13787560609795244
0.13576694738662431
0.13367200184385758
0.13159084834316667
0.12952356523880507
0.12747023036281382
0.1254309210220892
0.1234057139954761
0.12139468553087475
0.11939791134236906
0.11741546660737995
0.11544742596383022
0.11349386350733787
0.11155485278842606
0.10963046680975143
0.10772077802335882
0.10582585832795209
0.10394577906618577
0.10208061102198217
0.10023042441786417
0.09839528891231075
0.09657527359713763
0.09477044699489176
0.09298087705627484
0.0912066311575843
0.08944777609817452
0.08770437809794479
0.08597650279484469
0.08426421524240199
0.08256757990727595
0.08088666066682813
0.079221520806717
0.07757222301851822
0.07593882939736048
0.07432140143959055
0.07272000004045757
0.07113468549181826
0.06956551747986968
0.06801255508290088
0.06647585676906766
0.0649554803941935
0.06345148319958983
0.061963921809900145
0.06049285223097096
0.05903832984773969
0.05760040942215212
0.05617914509110011
0.05477459036438175
0.05338679812268888
0.05201582061561534
0.05066170945968868
0.04932451563642914
0.04800428949042848
0.046701080727454235
0.04541493841258059
0.04414591096833809
0.04289404617289289
0.041659391158247454
0.040441992408464675
0.03924189575791963
0.03805914638957317
0.036893788833269915
0.03574586696406367
0.03461542400056412
0.0335025025033093
0.032407144373165296
0.03132939084974603
0.030269282509862612
0.02922685926599531
0.028202160364789505
0.02719522438557992
0.026206089238937226
0.025234792165240154
0.024281369733274938
0.023345857838857325
0.022428291703480954
0.021528705872992757
0.020647134216290348
0.019783609924048436
0.018938165507468886
0.018110832797055713
0.017301642941418026
0.0165106264060967
0.0157378129724168
0.014983231736367635
0.01424691110750631
0.013528878807887954
0.012829161871023271
0.012147786640859084
0.011484778770787778
0.010840163222681177
0.010213964265950008
0.009606205476631192
0.00901690973649977
0.00844609923220698
0.00789379545444592
0.007360019197141716
0.006844790556668478
0.006348128931093648
0.005870053019446454
0.00541058082101481
0.004969729634667472
0.0045475160582022145
0.0041439559877216444
0.0037590646170344013
0.003392856437082857
0.0030453452353981576
0.0027165440955806584
0.0024064653968072676
0.0021151208133659335
0.0018425213142154015
0.0015886771625727753
0.0013535979155269843
0.0011372924236786952
0.0009397688308074667
0.0007610345735649678
0.0006010963811948724
0.0004599602752797956
0.0003376315695143621
0.00023411486950514147
0.0001494140725974468
8.353236772836361e-5
3.647223530685728e-5
8.308993758256886e-6
-5.149202281328367e-7
