-6.4266825179591e-5
0.0001395619077532882
0.0005821582730614342
0.0013361501567425486
0.002389013597927245
0.003741555541054399
0.00539312366764606
0.007342630851410972
0.009588896412592229
0.01213056728480935
0.014966112460567765
0.01809382391348181
0.021511817627124764
0.025218034729890298
0.029210242735180605
0.03348603688617097
0.038042841604347705
0.04287791204093798
0.04798833573030611
0.05337103434431211
0.059022765546583734
0.0649401249455758
0.07111954814525132
0.07755731289213814
0.08424954131747575
0.09119220227310021
0.09838111375965357
0.10581194544566819
0.11348022127599211
0.1213813221680013
0.1295104887939586
0.13786282444785883
0.1464332979950173
0.1552167469026395
0.16420788034953893
0.17340128241312597
0.18279141533176224
0.19237262284049625
0.20213913357818997
0.2120850645639673
0.22220442474090613
0.23249111858482155
0.24293894977598776
0.253541624931564
0.26429275739649555
0.27518587109059767
0.2862144044094993
0.2973717141771139
0.3086510796472351
0.32004570655186737
0.3315487311938344
0.34315322458121933
0.3548521966011241
0.36663860023025785
0.3785053357797962
0.3904452551719687
0.40245116624579774
0.41451583708938033
0.42663200039612953
0.4387923578423204
0.45098958448333304
0.4632163331659218
0.4754652389538692
0.48772892356434316
0.4999999998123045
0.5122710760602657
0.5245347606707396
0.5367836664586871
0.549010415141276
0.5612076417822883
0.5733679992284794
0.5854841625352283
0.5975488333788113
0.60955474445264
0.6214946638448127
0.6333613993943508
0.6451478030234845
0.6568467750433896
0.6684512684307745
0.6799542930727416
0.6913489199773737
0.7026282854474948
0.7137855952151096
0.7248141285340112
0.7357072422281133
0.7464583746930449
0.757061049848621
0.7675088810397872
0.7777955748837027
0.7879149350606413
0.7978608660464187
0.8076273767841126
0.8172085842928465
0.8265987172114829
0.8357921192750698
0.8447832527219692
0.8535667016295914
0.8621371751767498
0.8704895108306501
0.8786186774566076
0.8865197783486166
0.8941880541789403
0.9016188858649553
0.9088077973515084
0.9157504583071329
0.9224426867324704
0.928880451479357
0.9350598746790328
0.940977234078025
0.9466289652802965
0.9520116638943023
0.9571220875836709
0.9619571580202608
0.9665139627384374
0.9707897568894278
0.9747819648947184
0.9784881819974838
0.9819061757111265
0.9850338871640407
0.9878694323397993
0.9904111032120162
0.9926573687731975
0.9946068759569621
0.9962584504530801
0.9976110974148301
0.9986640020582626
0.9994165301529894
0.9998682284042257
1.000018824725836
0.999868228404226
0.9994165301529894
0.9986640020582622
0.9976110974148301
0.99625845045308
0.9946068759569624
0.9926573687731975
0.9904111032120162
0.9878694323397992
0.9850338871640407
0.9819061757111266
0.9784881819974838
0.9747819648947182
0.9707897568894276
0.9665139627384373
0.9619571580202606
0.9571220875836707
0.9520116638943021
0.9466289652802964
0.9409772340780246
0.9350598746790327
0.9288804514793569
0.9224426867324701
0.9157504583071326
0.9088077973515082
0.9016188858649548
0.8941880541789403
0.8865197783486164
0.8786186774566072
0.8704895108306498
0.8621371751767496
0.8535667016295911
0.844783252721969
0.8357921192750697
0.8265987172114825
0.8172085842928463
0.807627376784112
0.7978608660464186
0.7879149350606411
0.7777955748837025
0.7675088810397869
0.7570610498486209
0.7464583746930444
0.7357072422281131
0.7248141285340107
0.7137855952151093
0.7026282854474946
0.6913489199773731
0.679954293072741
0.6684512684307742
0.6568467750433892
0.6451478030234843
0.6333613993943503
0.6214946638448124
0.6095547444526397
0.5975488333788107
0.5854841625352282
0.5733679992284789
0.5612076417822881
0.5490104151412757
0.5367836664586867
0.5245347606707395
0.5122710760602652
0.49999999981230403
0.4877289235643429
0.4754652389538685
0.4632163331659216
0.4509895844833325
0.4387923578423202
0.4266320003961289
0.4145158370893804
0.4024511662457971
0.39044525517196865
0.37850533577979567
0.36663860023025757
0.3548521966011239
0.3431532245812189
0.3315487311938342
0.3200457065518668
0.30865107964723476
0.29737171417711344
0.2862144044094992
0.2751858710905971
0.2642927573964955
0.25354162493156346
0.24293894977598718
0.23249111858482144
0.2222044247409056
0.21208506456396725
0.20213913357818955
0.19237262284049594
0.1827914153317618
0.17340128241312586
0.16420788034953848
0.15521674690263942
0.14643329799501684
0.13786282444785847
0.12951048879395854
0.12138132216800093
0.11348022127599204
0.10581194544566795
0.09838111375965347
0.09119220227309986
0.08424954131747565
0.07755731289213781
0.07111954814525125
0.06494012494557576
0.05902276554658346
0.053371034344312056
0.04798833573030585
0.04287791204093789
0.0380428416043476
0.0334860368861709
0.029210242735180404
0.025218034729890256
0.021511817627124608
0.018093823913481716
0.014966112460567718
0.01213056728480922
0.0095888964125922
0.007342630851410875
0.005393123667646039
0.0037415491715283664
0.0023889022097780704
0.001335997566346117
0.0005834694716190834
0.0001317712203823914
-1.8825101227497495e-5
0.00013177122038239737
0.0005834694716190952
0.0013359975663461358
0.0023889022097780934
0.0037415491715283977
0.005393123667646073
0.007342630851410915
0.009588896412592245
0.012130567284809273
0.014966112460567777
0.018093823913481778
0.021511817627124678
0.025218034729890336
0.029210242735180494
0.03348603688617099
0.03804284160434771
0.04287791204093799
0.047988335730305955
0.05337103434431216
0.059022765546583575
0.0649401249455759
0.07111954814525132
0.07755731289213798
0.0842495413174758
0.09119220227309997
0.0983811137596536
0.10581194544566815
0.1134802212759922
0.12138132216800113
0.1295104887939587
0.13786282444785863
0.14643329799501703
0.1552167469026396
0.16420788034953865
0.17340128241312602
0.18279141533176207
0.19237262284049605
0.20213913357818974
0.2120850645639674
0.2222044247409058
0.23249111858482163
0.24293894977598748
0.2535416249315637
0.26429275739649566
0.2751858710905974
0.28621440440949936
0.29737171417711367
0.30865107964723504
0.32004570655186704
0.3315487311938344
0.3431532245812191
0.35485219660112427
0.3666386002302578
0.37850533577979584
0.3904452551719688
0.40245116624579735
0.41451583708938056
0.4266320003961291
0.4387923578423204
0.45098958448333265
0.4632163331659218
0.4754652389538687
0.4877289235643432
0.49999999981230436
0.5122710760602655
0.5245347606707398
0.5367836664586866
0.5490104151412759
0.5612076417822883
0.5733679992284793
0.585484162535228
0.5975488333788113
0.6095547444526398
0.6214946638448126
0.6333613993943507
0.6451478030234843
0.6568467750433896
0.6684512684307742
0.6799542930727415
0.6913489199773737
0.7026282854474949
0.7137855952151093
0.724814128534011
0.7357072422281131
0.7464583746930449
0.757061049848621
0.7675088810397868
0.7777955748837032
0.7879149350606414
0.7978608660464187
0.8076273767841126
0.8172085842928465
0.8265987172114824
0.8357921192750701
0.8447832527219691
0.8535667016295915
0.8621371751767499
0.8704895108306496
0.8786186774566076
0.8865197783486163
0.8941880541789405
0.9016188858649545
0.9088077973515085
0.9157504583071326
0.9224426867324709
0.9288804514793568
0.9350598746790326
0.9409772340780251
0.9466289652802964
0.9520116638943026
0.9571220875836703
0.9619571580202609
0.9665139627384373
0.9707897568894278
0.9747819648947182
0.9784881819974838
0.9819061757111266
0.9850338871640404
0.9878694323397993
0.9904111032120162
0.9926573687731975
0.9946068759569624
0.99625845045308
0.9976110974148301
0.9986640020582626
0.9994165301529894
0.9998682284042257
1.000018824725836
0.999868228404226
0.9994165301529894
0.9986640020582622
0.9976110974148301
0.99625845045308
0.9946068759569624
0.9926573687731975
0.990411103212016
0.9878694323397992
0.9850338871640405
0.9819061757111266
0.978488181997484
0.9747819648947182
0.9707897568894277
0.9665139627384371
0.9619571580202607
0.9571220875836708
0.9520116638943025
0.9466289652802962
0.9409772340780249
0.9350598746790327
0.9288804514793569
0.9224426867324705
0.9157504583071328
0.9088077973515082
0.9016188858649548
0.8941880541789404
0.8865197783486164
0.8786186774566075
0.8704895108306494
0.8621371751767498
0.8535667016295914
0.8447832527219691
0.83579211927507
0.8265987172114821
0.8172085842928466
0.8076273767841121
0.7978608660464188
0.7879149350606411
0.7777955748837027
0.7675088810397867
0.7570610498486211
0.7464583746930449
0.7357072422281131
0.7248141285340113
0.7137855952151091
0.7026282854474946
0.6913489199773735
0.6799542930727415
0.668451268430774
0.6568467750433895
0.6451478030234841
0.6333613993943504
0.6214946638448127
0.6095547444526398
0.597548833378811
0.5854841625352281
0.5733679992284793
0.5612076417822883
0.5490104151412759
0.5367836664586865
0.5245347606707397
0.5122710760602651
0.49999999981230414
0.4877289235643433
0.47546523895386855
0.4632163331659217
0.4509895844833325
0.43879235784232024
0.4266320003961292
0.4145158370893804
0.4024511662457973
0.3904452551719686
0.3785053357797956
0.36663860023025785
0.3548521966011241
0.34315322458121894
0.33154873119383443
0.32004570655186676
0.308651079647235
0.2973717141771137
0.28621440440949925
0.27518587109059733
0.26429275739649544
0.25354162493156357
0.2429389497759875
0.23249111858482152
0.2222044247409057
0.2120850645639673
0.2021391335781895
0.1923726228404962
0.182791415331762
0.17340128241312597
0.16420788034953848
0.15521674690263945
0.1464332979950169
0.13786282444785858
0.12951048879395866
0.121381322168001
0.11348022127599208
0.10581194544566794
0.09838111375965364
0.09119220227309993
0.08424954131747574
0.07755731289213791
0.07111954814525122
0.06494012494557583
0.059022765546583554
0.053371034344312146
0.047988335730305906
0.042877912040937924
0.03804284160434758
0.033486036886171
0.02921024273518044
0.025218034729890298
0.021511817627124622
0.018093823913481737
0.01496611246056777
0.01213056728480926
0.009588896412592222
0.007342630851410891
0.005393123667646039
0.0037415491715283994
0.002388902209778086
0.0013359975663461276
0.0005834694716190876
0.00013177122038239268
-1.8825101227498592e-5
0.0001317712203823927
0.0005834694716190877
0.001335997566346128
0.0023889022097780847
0.0037415491715284003
0.005393123667646038
0.007342630851410889
0.00958889641259222
0.012130567284809256
0.01496611246056777
0.018093823913481747
0.02151181762712462
0.025218034729890298
0.029210242735180445
0.033486036886170994
0.03804284160434757
0.04287791204093794
0.047988335730305906
0.053371034344312125
0.05902276554658355
0.06494012494557584
0.07111954814525122
0.07755731289213791
0.08424954131747574
0.09119220227309996
0.09838111375965364
0.10581194544566801
0.11348022127599208
0.12138132216800102
0.12951048879395857
0.1378628244478586
0.14643329799501695
0.15521674690263942
0.1642078803495385
0.17340128241312597
0.182791415331762
0.19237262284049617
0.20213913357818944
0.2120850645639673
0.22220442474090568
0.23249111858482152
0.24293894977598754
0.25354162493156346
0.2642927573964954
0.27518587109059733
0.28621440440949925
0.2973717141771137
0.3086510796472349
0.32004570655186687
0.33154873119383443
0.343153224581219
0.3548521966011241
0.3666386002302577
0.3785053357797957
0.3904452551719687
0.4024511662457972
0.41451583708938033
0.42663200039612925
0.4387923578423201
0.4509895844833326
0.4632163331659217
0.4754652389538685
0.4877289235643433
0.49999999981230425
0.5122710760602651
0.5245347606707397
0.5367836664586865
0.5490104151412759
0.5612076417822882
0.5733679992284793
0.5854841625352277
0.597548833378811
0.6095547444526398
0.6214946638448126
0.6333613993943505
0.6451478030234841
0.6568467750433895
0.668451268430774
0.6799542930727415
0.6913489199773735
0.7026282854474946
0.7137855952151091
0.7248141285340111
0.735707242228113
0.7464583746930449
0.7570610498486212
0.7675088810397867
0.7777955748837027
0.7879149350606411
0.7978608660464188
0.8076273767841121
0.8172085842928465
0.8265987172114821
0.8357921192750701
0.8447832527219691
0.8535667016295914
0.8621371751767499
0.8704895108306496
0.8786186774566076
0.8865197783486165
0.8941880541789403
0.9016188858649548
0.9088077973515082
0.9157504583071329
0.9224426867324704
0.928880451479357
0.9350598746790325
0.9409772340780247
0.9466289652802963
0.9520116638943026
0.9571220875836703
0.9619571580202609
0.9665139627384373
0.9707897568894278
0.9747819648947182
0.9784881819974838
0.9819061757111266
0.9850338871640404
0.9878694323397993
0.9904111032120161
0.9926573687731975
0.994606875956962
0.9962584504530801
0.9976110974148301
0.9986640020582626
0.9994165301529894
0.9998682284042257
1.000018824725836
0.999868228404226
0.9994165301529894
0.9986640020582622
0.9976110974148301
0.99625845045308
0.9946068759569625
0.9926573687731977
0.9904111032120162
0.9878694323397992
0.9850338871640405
0.9819061757111266
0.978488181997484
0.9747819648947182
0.9707897568894277
0.9665139627384371
0.9619571580202607
0.9571220875836708
0.9520116638943025
0.9466289652802962
0.9409772340780254
0.9350598746790326
0.9288804514793569
0.9224426867324705
0.9157504583071328
0.9088077973515082
0.9016188858649548
0.8941880541789407
0.8865197783486164
0.8786186774566075
0.8704895108306495
0.8621371751767498
0.8535667016295914
0.8447832527219689
0.83579211927507
0.8265987172114826
0.8172085842928465
0.8076273767841124
0.7978608660464187
0.7879149350606411
0.7777955748837029
0.7675088810397868
0.7570610498486211
0.7464583746930449
0.735707242228113
0.7248141285340111
0.7137855952151093
0.7026282854474951
0.6913489199773737
0.6799542930727416
0.6684512684307742
0.6568467750433894
0.6451478030234844
0.6333613993943505
0.6214946638448127
0.6095547444526398
0.5975488333788113
0.5854841625352281
0.5733679992284791
0.5612076417822884
0.5490104151412759
0.5367836664586868
0.5245347606707396
0.5122710760602655
0.49999999981230436
0.4877289235643432
0.47546523895386866
0.4632163331659218
0.45098958448333265
0.4387923578423204
0.4266320003961291
0.4145158370893806
0.40245116624579735
0.3904452551719688
0.378505335779796
0.3666386002302577
0.35485219660112427
0.343153224581219
0.3315487311938344
0.3200457065518671
0.3086510796472351
0.2973717141771137
0.28621440440949936
0.27518587109059733
0.2642927573964957
0.2535416249315637
0.24293894977598748
0.23249111858482163
0.2222044247409058
0.2120850645639674
0.20213913357818974
0.19237262284049608
0.18279141533176207
0.17340128241312602
0.16420788034953865
0.15521674690263962
0.146433297995017
0.13786282444785866
0.12951048879395866
0.12138132216800111
0.1134802212759922
0.10581194544566815
0.09838111375965361
0.09119220227309999
0.08424954131747582
0.07755731289213798
0.07111954814525137
0.06494012494557587
0.059022765546583596
0.05337103434431215
0.04798833573030597
0.04287791204093799
0.038042841604347705
0.03348603688617099
0.029210242735180494
0.025218034729890336
0.021511817627124678
0.018093823913481778
0.014966112460567777
0.012130567284809273
0.009588896412592243
0.007342630851410915
0.005393123667646075
0.003741549171528397
0.0023889022097780925
0.0013359975663461356
0.0005834694716190951
0.00013177122038239745
-1.8825101227497545e-5
0.0001317712203823915
0.000583469471619083
0.0013359975663461176
0.002388902209778069
0.003741549171528367
0.00539312366764604
0.007342630851410874
0.009588896412592196
0.01213056728480922
0.014966112460567718
0.01809382391348172
0.021511817627124594
0.02521803472989026
0.029210242735180404
0.03348603688617091
0.038042841604347594
0.0428779120409379
0.04798833573030585
0.053371034344312056
0.059022765546583464
0.06494012494557577
0.07111954814525125
0.07755731289213781
0.08424954131747565
0.09119220227309986
0.09838111375965347
0.10581194544566797
0.11348022127599203
0.12138132216800095
0.1295104887939585
0.13786282444785844
0.14643329799501686
0.15521674690263937
0.16420788034953854
0.17340128241312583
0.18279141533176188
0.19237262284049586
0.20213913357818958
0.21208506456396722
0.22220442474090557
0.23249111858482144
0.2429389497759873
0.25354162493156346
0.26429275739649544
0.27518587109059717
0.28621440440949913
0.2973717141771136
0.30865107964723476
0.32004570655186687
0.33154873119383427
0.3431532245812188
0.35485219660112394
0.3666386002302575
0.37850533577979567
0.39044525517196865
0.4024511662457971
0.4145158370893803
0.4266320003961289
0.4387923578423201
0.45098958448333254
0.4632163331659216
0.4754652389538684
0.487728923564343
0.49999999981230414
0.5122710760602651
0.5245347606707396
0.5367836664586865
0.5490104151412757
0.561207641782288
0.5733679992284788
0.5854841625352282
0.5975488333788107
0.6095547444526398
0.6214946638448122
0.6333613993943504
0.6451478030234844
0.6568467750433891
0.6684512684307741
0.679954293072741
0.6913489199773734
0.7026282854474944
0.7137855952151094
0.7248141285340108
0.7357072422281128
0.7464583746930447
0.7570610498486211
0.7675088810397867
0.7777955748837025
0.7879149350606411
0.7978608660464185
0.8076273767841119
0.8172085842928463
0.8265987172114825
0.8357921192750698
0.844783252721969
0.8535667016295911
0.8621371751767496
0.8704895108306498
0.8786186774566072
0.8865197783486164
0.8941880541789404
0.9016188858649548
0.9088077973515081
0.9157504583071325
0.9224426867324702
0.928880451479357
0.9350598746790326
0.9409772340780247
0.9466289652802963
0.9520116638943024
0.9571220875836706
0.9619571580202608
0.9665139627384373
0.9707897568894277
0.9747819648947181
0.9784881819974838
0.9819061757111265
0.9850338871640407
0.9878694323397993
0.9904111032120162
0.9926573687731975
0.9946068759569621
0.9962584504530801
0.9976110974148301
0.9986640020582621
0.9994165301529895
0.9998682284042257
1.000018824725836
0.999868228404226
0.9994165301529894
0.9986640020582622
0.9976110974148301
0.99625845045308
0.9946068759569624
0.9926573687731975
0.9904111032120162
0.9878694323397993
0.9850338871640407
0.9819061757111266
0.9784881819974838
0.9747819648947182
0.9707897568894279
0.9665139627384374
0.9619571580202608
0.9571220875836708
0.9520116638943024
0.9466289652802966
0.9409772340780248
0.9350598746790331
0.9288804514793569
0.9224426867324708
0.9157504583071329
0.9088077973515085
0.9016188858649551
0.8941880541789407
0.8865197783486163
0.8786186774566077
0.87048951083065
0.8621371751767498
0.8535667016295914
0.844783252721969
0.83579211927507
0.8265987172114827
0.8172085842928465
0.8076273767841126
0.7978608660464187
0.7879149350606414
0.7777955748837028
0.7675088810397873
0.7570610498486211
0.7464583746930449
0.7357072422281135
0.7248141285340111
0.7137855952151098
0.7026282854474948
0.691348919977374
0.6799542930727416
0.6684512684307743
0.6568467750433894
0.6451478030234845
0.6333613993943509
0.6214946638448126
0.60955474445264
0.5975488333788113
0.5854841625352283
0.5733679992284794
0.5612076417822884
0.549010415141276
0.536783666458687
0.5245347606707397
0.5122710760602657
0.4999999998123045
0.48772892356434305
0.47546523895386916
0.4632163331659219
0.45098958448333304
0.4387923578423204
0.42663200039612953
0.4145158370893803
0.4024511662457978
0.3904452551719686
0.3785053357797962
0.36663860023025785
0.3548521966011242
0.34315322458121916
0.3315487311938345
0.3200457065518674
0.30865107964723515
0.2973717141771139
0.2862144044094994
0.27518587109059767
0.26429275739649555
0.253541624931564
0.24293894977598776
0.23249111858482155
0.22220442474090613
0.2120850645639673
0.20213913357819
0.19237262284049622
0.18279141533176227
0.17340128241312597
0.16420788034953895
0.1552167469026395
0.1464332979950173
0.1378628244478588
0.1295104887939586
0.12138132216800132
0.11348022127599211
0.10581194544566817
0.0983811137596536
0.09119220227310015
0.08424954131747577
0.07755731289213813
0.07111954814525133
0.06494012494557577
0.05902276554658376
0.05337103434431212
0.0479883357303061
0.042877912040937986
0.038042841604347705
0.03348603688617097
0.029210242735180608
0.0252180347298903
0.021511817627124764
0.018093823913481803
0.014966112460567763
0.01213056728480935
0.009588896412592226
0.007342630851410974
0.0053931236676460605
0.0037415555410543998
0.0023889881198234137
0.0013359848632880358
0.0005836718767215096
0.0001304463204231979
-1.1032099252889382e-5
