-0.0010281416757947485
0.0022326853379194054
0.009290610020389084
0.02124533175124956
0.03778140279490945
0.05877386172029111
0.08401486035659904
0.11326199436428314
0.14623367343613008
0.18261231862704466
0.2220475806875573
0.2641596764865185
0.3085430435205707
0.3547702457027602
0.40239608980571323
0.4509619129157825
0.49999999960763947
0.5490380862994964
0.5976039094095655
0.645229753512519
0.6914569556947082
0.7358403227287604
0.7779524185277215
0.8173876805882341
0.8537663257791485
0.8867380078606864
0.9159851915102465
0.941226210361147
0.96221797960371
0.9787583370248604
0.9906879899407542
0.9978920492723992
1.000301135990292
0.997892049272399
0.9906879899407541
0.9787583370248605
0.9622179796037096
0.941226210361147
0.9159851915102463
0.8867380078606861
0.8537663257791482
0.8173876805882337
0.7779524185277216
0.7358403227287598
0.691456955694708
0.6452297535125183
0.5976039094095651
0.549038086299496
0.499999999607639
0.45096191291578197
0.40239608980571223
0.35477024570276017
0.3085430435205706
0.26415967648651806
0.22204758068755717
0.1826123186270441
0.1462336734361296
0.11326199135459233
0.08401480770503199
0.0587737888541313
0.037782019611568525
0.02124166219041784
0.009312009274524352
0.0021079499428794625
-0.00030113677501349346
0.002107949942879486
0.0093120092745244
0.021241662190417905
0.03778201961156863
0.05877378885413143
0.08401480770503211
0.11326199135459251
0.14623367343612984
0.18261231862704425
0.2220475806875573
0.2641596764865183
0.30854304352057077
0.35477024570276033
0.40239608980571256
0.4509619129157823
0.49999999960763925
0.5490380862994962
0.597603909409566
0.6452297535125183
0.6914569556947081
0.7358403227287601
0.7779524185277213
0.8173876805882343
0.8537663257791486
0.886738007860686
0.9159851915102467
0.941226210361147
0.9622179796037099
0.9787583370248608
0.9906879899407544
0.997892049272399
1.000301135990292
0.997892049272399
0.990687989940754
0.9787583370248604
0.9622179796037101
0.9412262103611467
0.9159851915102464
0.8867380078606859
0.8537663257791486
0.8173876805882343
0.7779524185277213
0.7358403227287602
0.6914569556947079
0.6452297535125182
0.5976039094095658
0.5490380862994964
0.499999999607639
0.450961912915782
0.4023960898057126
0.35477024570276017
0.30854304352057077
0.2641596764865182
0.2220475806875571
0.18261231862704416
0.14623367343612972
0.11326199135459238
0.08401480770503215
0.058773788854131315
0.03778201961156852
0.02124166219041791
0.009312009274524346
0.002107949942879482
-0.000301136775013493
0.0021079499428794833
0.00931200927452434
0.021241662190417905
0.03778201961156852
0.058773788854131315
0.08401480770503213
0.11326199135459233
0.14623367343612972
0.18261231862704425
0.22204758068755703
0.2641596764865183
0.3085430435205708
0.35477024570276
0.4023960898057126
0.450961912915782
0.49999999960763913
0.5490380862994964
0.5976039094095656
0.6452297535125181
0.6914569556947078
0.7358403227287601
0.7779524185277212
0.8173876805882342
0.8537663257791486
0.886738007860686
0.9159851915102467
0.941226210361147
0.9622179796037099
0.9787583370248608
0.9906879899407541
0.9978920492723989
1.000301135990292
0.9978920492723992
0.9906879899407541
0.9787583370248604
0.9622179796037101
0.9412262103611467
0.9159851915102464
0.8867380078606859
0.8537663257791486
0.8173876805882341
0.7779524185277217
0.7358403227287602
0.6914569556947081
0.6452297535125183
0.597603909409566
0.5490380862994962
0.49999999960763925
0.4509619129157823
0.40239608980571256
0.3547702457027604
0.30854304352057077
0.2641596764865183
0.22204758068755734
0.1826123186270443
0.1462336734361298
0.1132619913545925
0.08401480770503214
0.058773788854131426
0.03778201961156862
0.021241662190417905
0.009312009274524403
0.0021079499428794854
-0.00030113677501349335
0.002107949942879462
0.009312009274524349
0.02124166219041784
0.037782019611568525
0.0587737888541313
0.084014807705032
0.1132619913545923
0.14623367343612967
0.182612318627044
0.22204758068755714
0.26415967648651806
0.3085430435205706
0.35477024570276006
0.4023960898057123
0.45096191291578197
0.499999999607639
0.5490380862994959
0.5976039094095649
0.6452297535125183
0.6914569556947079
0.7358403227287599
0.7779524185277211
0.8173876805882337
0.8537663257791481
0.8867380078606864
0.9159851915102463
0.9412262103611471
0.9622179796037097
0.9787583370248605
0.9906879899407542
0.997892049272399
1.000301135990292
0.9978920492723992
0.9906879899407541
0.9787583370248604
0.9622179796037101
0.9412262103611467
0.9159851915102465
0.8867380078606865
0.8537663257791486
0.8173876805882341
0.7779524185277217
0.7358403227287602
0.6914569556947082
0.6452297535125185
0.5976039094095654
0.5490380862994964
0.49999999960763947
0.45096191291578247
0.4023960898057133
0.35477024570276017
0.30854304352057077
0.2641596764865185
0.22204758068755737
0.1826123186270446
0.14623367343613014
0.11326199436428312
0.08401484831783539
0.058773783540423785
0.03778211577397487
0.021241038871738144
0.009315680326474694
0.002086550416441448
-0.00017640136380123726
