-0.01639770270485165
0.03561242224132437
0.1427092111326545
0.3068789025938355
0.4999899526208211
0.6931813812934969
0.8569491755548136
0.9663769872640446
1.0048027987784982
0.9663769516161054
0.856949463920885
0.6931796574266481
0.499999999135556
0.3068203408444635
0.14305053435022722
0.03362304811460103
-0.004802775045673481
0.03362304811460113
0.14305053435022735
0.3068203408444639
0.4999999991355563
0.6931796574266487
0.8569494639208851
0.9663769501565114
1.0048027733167857
0.9663769501565113
0.8569494639208852
0.6931796574266482
0.4999999991355561
0.3068203408444638
0.1430505343502272
0.033623048114601053
-0.0048027750456734845
0.033623048114601053
0.14305053435022722
0.3068203408444638
0.4999999991355561
0.6931796574266481
0.8569494639208854
0.9663769501565113
1.0048027733167857
0.9663769501565113
0.8569494639208852
0.6931796574266484
0.4999999991355563
0.3068203408444639
0.14305053435022735
0.03362304811460116
-0.004802775045673483
0.03362304811460103
0.14305053435022722
0.3068203408444635
0.499999999135556
0.6931796574266482
0.856949463920885
0.9663769516161055
1.0048027929401213
0.9663769496393436
0.8569495110569185
0.6931793657915675
0.5000017232063346
0.3068102937669648
0.14310909575942118
0.03328172466830662
-0.0028134009786261282
