2.1785914235822323e-9
0.00306795819397892
0.006135888322868399
0.009203760185387934
0.012271545506637047
0.015339215308322648
0.01840674073406432
0.021474092908106243
0.02454124295988436
0.027608162020124546
0.03067482122183045
0.033741191700436976
0.03680724459409702
0.03987295104395222
0.04293828219440775
0.046003209193397954
0.04906770319266231
0.05213173534801807
0.055195276819625314
0.058258298772266834
0.06132077237561317
0.06438266880449493
0.06744395923917867
0.07050461486563223
0.07356460687579833
0.0766239064678687
0.07968248484654904
0.08274031322333432
0.08579736281678137
0.08885360485277259
0.09190901056479599
0.09496355119420903
0.09801719799051045
0.10106992221161555
0.10412169512412056
0.10717248800357579
0.1102222721347586
0.11327101881193785
0.1163186993391483
0.11936528503046209
0.12241074721025196
0.12545505721346994
0.12849818638591057
0.13154010608448158
0.13458078767747822
0.13762020254484636
0.14065832207845513
0.14369511768236815
0.14673056077310725
0.1497646227799256
0.15279727514507807
0.15582848932408322
0.15885823678600064
0.16188648901369299
0.16491321750409557
0.16793839376848899
0.17096198933276127
0.17398397573767874
0.17700432453915627
0.1800230073085191
0.18303999563277518
0.18605526111488324
0.18906877537401365
0.19208051004582466
0.19509043678272203
0.1980985272541276
0.20110475314675005
0.20410908616484558
0.20711149803048703
0.21011196048383196
0.21311044528338396
0.21610692420626157
0.21910136904846594
0.22209375162513936
0.22508404377083938
0.22807221733979693
0.2310582442061832
0.23404209626437764
0.23702374542922774
0.24000316363631513
0.2429803228422228
0.24595519502479302
0.24892775218339552
0.25189796633919204
0.25486580953539356
0.25783125383753136
0.2607942713337139
0.26375483413489076
0.26671291437511907
0.2696684842118202
0.27262151582604477
0.27557198142273603
0.27851985323098677
0.2814651035043048
0.28440770452087427
0.2873476285838117
0.29028484802143395
0.29321933518751264
0.29615106246153555
0.29908000224897097
0.3020061269815214
0.30492940911738536
0.30784982114152026
0.3107673355658943
0.31368192492975033
0.3165935617998649
0.31950221877080087
0.3224078684651728
0.3253104835338988
0.3282100366564589
0.3311065005411569
0.3339998479253706
0.3368900515758117
0.33977708428878484
0.34266091889043665
0.3455415282370179
0.3484188852151377
0.35129296274201427
0.35416373376573695
0.35703117126551553
0.35989524825193453
0.3627559377672125
0.3656132128854494
0.368467046712883
0.3713174123881442
0.3741642830825042
0.37700763200013165
0.3798474323783452
0.3826836574878608
0.3855162806330474
0.3883452751521787
0.39117061441767886
0.3939922718363803
0.3968102208497687
0.399624434934233
0.40243488760132057
0.4052415523979795
0.40804440290681127
0.41084341274632113
0.41363855557116125
0.4164298050723822
0.41921713497768276
0.42200051905164987
0.4247799310960145
0.4275553449498914
0.43032673449002734
0.4330940736310499
0.4358573363257088
0.438616496565122
0.44137152837902466
0.4441224058360064
0.4468691030437608
0.4496115941493295
0.45234985333933936
0.45508385484025393
0.45781357291860936
0.46053898188125847
0.4632600560756154
0.46597676988989317
0.46868909775334583
0.4713970141365122
0.47410049355145084
0.47679951055198344
0.47949403973393584
0.48218405573537093
0.4848695332368354
0.48755044696159217
0.49022677167585854
0.49289848218904886
0.49556555335400576
0.49822796006723863
0.5008856772691633
0.5035386799443322
0.5061869431216732
0.5088304418747267
0.5114691513218732
0.5141030466265762
0.5167321029976096
0.5193562956892928
0.5219756000017258
0.5245899912810185
0.5271994449195235
0.5298039363560715
0.5324034410761955
0.5349979346123669
0.5375873925442257
0.5401717904988064
0.5427511041507721
0.5453253092226406
0.5478943814850116
0.5504582967568007
0.5530170309054598
0.5555705598472083
0.5581188595472605
0.5606619060200482
0.563199675329449
0.5657321435890131
0.5682592869621834
0.570781081662525
0.5732975039539456
0.5758085301509193
0.5783141366187122
0.5808142997736019
0.5833089960830996
0.5857982020661754
0.5882818942934729
0.5907600493875352
0.5932326440230238
0.5956996549269347
0.5981610588788232
0.6006168327110177
0.6030669533088383
0.6055113976108184
0.6079501426089163
0.6103831653487354
0.6128104429297399
0.6152319525054677
0.6176476712837485
0.6200575765269182
0.6224616455520294
0.6248598557310702
0.6272521844911726
0.6296386093148263
0.6320191077400933
0.6343936573608153
0.6367622358268261
0.639124820844165
0.6414813901752804
0.6438319216392444
0.646176393111961
0.64851478252637
0.6508470678726607
0.6531732271984756
0.6554932386091158
0.6578070802677517
0.6601147303956235
0.6624161672722496
0.6647113692356302
0.6670003146824497
0.6692829820682811
0.6715593499077914
0.6738293967749378
0.6760931013031761
0.6783504421856562
0.680601398175426
0.682845948085631
0.6850840707897127
0.6873157452216063
0.6895409503759444
0.6917596653082472
0.6939718691351245
0.6961775410344729
0.6983766602456667
0.7005692060697595
0.702755157869675
0.7049344950704013
0.7071071971591877
0.7092732436857343
0.711432614262386
0.7135852885643255
0.7157312463297612
0.7178704673601215
0.7200029315202447
0.7221286187385639
0.7242475090073034
0.7263595823826604
0.7284648189849945
0.7305631989990192
0.7326547026739816
0.7347393103238515
0.7368170023275102
0.7388877591289276
0.740951561237352
0.7430083892274929
0.7450582237397008
0.7471010454801534
0.7491368352210349
0.7511655738007152
0.7531872421239361
0.7552018211619842
0.7572092919528742
0.7592096356015278
0.761202833279948
0.7631888662273978
0.7651677157505815
0.7671393632238112
0.769103790089191
0.771060977856788
0.7730109081048037
0.7749535624797536
0.7768889226966337
0.7788169705390968
0.7807376878596235
0.7826510565796895
0.7845570586899399
0.7864556762503576
0.7883468913904299
0.7902306863093215
0.7921070432760353
0.7939759446295855
0.7958373727791617
0.7976913102042921
0.7995377394550114
0.801376643152026
0.8032080039868722
0.805031804722085
0.8068480281913575
0.8086566572997019
0.8104576750236137
0.812251064411227
0.8140368085824776
0.8158148907292622
0.8175852941155941
0.8193480020777617
0.8211029980244883
0.8228502654370815
0.8245897878695956
0.8263215489489838
0.8280455323752502
0.8297617219216068
0.8314701014346242
0.8331706548343828
0.8348633661146276
0.8365482193429145
0.8382251986607633
0.8398942882838065
0.8415554725019372
0.8432087356794551
0.8448540622552194
0.8464914367427887
0.8481208437305715
0.8497422678819683
0.851355693935517
0.8529611067050378
0.854558491079774
0.8561478320245355
0.8577291145798402
0.8593023238620546
0.860867445063533
0.8624244634527599
0.8639733643744835
0.8655141332498598
0.8670467555765854
0.8685712169290338
0.8700875029583958
0.8715955993928093
0.8730954920374956
0.8745871667748949
0.876070609564796
0.8775458064444702
0.8790127435288031
0.8804714070104237
0.8819217831598363
0.8833638583255484
0.884797618934198
0.8862230514906855
0.8876401425782966
0.8890488788588295
0.8904492470727232
0.8918412340391771
0.893224826656281
0.8946000119011341
0.8959667768299681
0.8973251085782725
0.8986749943609108
0.9000164214722431
0.9013493772862482
0.902673849256637
0.9039898249169754
0.9052972918807999
0.9065962378417322
0.907886650573599
0.9091685179305444
0.9104418278471437
0.91170656833852
0.9129627275004542
0.9142102935094967
0.9154492546230822
0.9166795991796368
0.917901315598688
0.919114392380977
0.9203188181085616
0.9215145814449294
0.9227016711350998
0.9238800760057325
0.9250497849652327
0.9262107870038535
0.9273630711938018
0.92850662668934
0.9296414427268884
0.9307675086251257
0.9318848137850915
0.932993347690284
0.9340930999067589
0.9351840600832313
0.936266217951167
0.9373395633248847
0.9384040861016488
0.9394597762617651
0.9405066238686767
0.9415446190690547
0.9425737520928927
0.943594013253599
0.9446053929480872
0.945607881656866
0.9466014699441302
0.9475861484578485
0.9485619079298511
0.9495287391759194
0.9504866330958682
0.9514355806736357
0.9523755729773663
0.9533066011594936
0.9542286564568263
0.9551417301906288
0.9560458137667032
0.9569408986754707
0.9578269764920512
0.9587040388763424
0.9595720775731
0.9604310844120124
0.9612810513077806
0.9621219702601922
0.9629538333541976
0.9637766327599849
0.9645903607330528
0.965395009614283
0.9661905718300149
0.9669770398921129
0.9677544063980406
0.9685226640309282
0.9692818055596422
0.9700318238388541
0.9707727118091054
0.9715044624968766
0.9722270690146518
0.9729405245609827
0.9736448224205542
0.9743399559642474
0.9750259186491994
0.9757027040188688
0.9763703057030942
0.9770287174181536
0.9776779329668258
0.9783179462384465
0.9789487512089672
0.9795703419410108
0.9801827125839296
0.9807858573738566
0.9813797706337647
0.9819644467735148
0.9825398802899131
0.9831060657667603
0.983662997874903
0.9842106713722837
0.9847490811039914
0.9852782220023079
0.9857980890867584
0.9863086774641554
0.9868099823286466
0.9873019989617602
0.9877847227324477
0.9882581490971291
0.9887222735997357
0.9891770918717505
0.9896225996322512
0.9900587926879483
0.9904856669332271
0.9909032183501849
0.9913114430086678
0.991710337066311
0.9920998967685711
0.9924801184487636
0.9928509985280979
0.993212533515709
0.9935647200086918
0.993907554692133
0.9942410343391425
0.994565155810882
0.9948799160565973
0.9951853121136452
0.9954813411075212
0.995768000251888
0.996045286848601
0.996313198287732
0.9965717320475979
0.9968208856947789
0.9970606568841476
0.997291043358885
0.9975120429505067
0.9977236535788798
0.9979258732522447
0.9981187000672328
0.9983021322088848
0.9984761679506673
0.9986408056544899
0.9987960437707195
0.998941880838196
0.9990783154842455
0.9992053464246932
0.9993229724638749
0.9994311924946502
0.9995300054984108
0.9996194105450908
0.9996994067931761
0.9997699934897114
0.9998311699703082
0.9998829356591497
0.9999252900689976
0.9999582328011964
0.999981763545676
0.9999958820809567
1.0000005882741492
0.9999958820809565
0.9999817635456761
0.9999582328011963
0.9999252900689976
0.9998829356591497
0.9998311699703081
0.9997699934897114
0.999699406793176
0.9996194105450908
0.9995300054984106
0.9994311924946502
0.9993229724638749
0.9992053464246929
0.9990783154842455
0.998941880838196
0.9987960437707195
0.9986408056544899
0.9984761679506673
0.9983021322088846
0.9981187000672328
0.9979258732522447
0.9977236535788795
0.9975120429505063
0.997291043358885
0.9970606568841474
0.996820885694779
0.9965717320475977
0.996313198287732
0.9960452868486008
0.995768000251888
0.9954813411075212
0.9951853121136452
0.9948799160565973
0.9945651558108821
0.9942410343391422
0.9939075546921331
0.9935647200086917
0.9932125335157088
0.9928509985280979
0.9924801184487638
0.9920998967685709
0.9917103370663108
0.9913114430086681
0.9909032183501846
0.990485666933227
0.9900587926879483
0.9896225996322511
0.9891770918717505
0.9887222735997357
0.9882581490971291
0.9877847227324477
0.98730199896176
0.9868099823286465
0.9863086774641554
0.9857980890867584
0.9852782220023077
0.9847490811039912
0.9842106713722837
0.9836629978749027
0.9831060657667604
0.9825398802899131
0.9819644467735148
0.9813797706337644
0.9807858573738565
0.9801827125839294
0.9795703419410108
0.9789487512089668
0.9783179462384466
0.9776779329668258
0.9770287174181536
0.976370305703094
0.9757027040188688
0.9750259186491994
0.9743399559642473
0.9736448224205544
0.9729405245609826
0.9722270690146515
0.9715044624968766
0.9707727118091054
0.970031823838854
0.9692818055596423
0.9685226640309282
0.9677544063980403
0.9669770398921128
0.9661905718300146
0.965395009614283
0.9645903607330526
0.9637766327599849
0.9629538333541974
0.9621219702601921
0.9612810513077803
0.9604310844120124
0.9595720775730999
0.9587040388763424
0.9578269764920511
0.9569408986754705
0.9560458137667031
0.9551417301906288
0.9542286564568263
0.9533066011594933
0.9523755729773662
0.9514355806736357
0.950486633095868
0.9495287391759192
0.9485619079298511
0.9475861484578484
0.9466014699441304
0.9456078816568657
0.9446053929480872
0.9435940132535989
0.9425737520928926
0.9415446190690546
0.9405066238686765
0.9394597762617651
0.9384040861016488
0.9373395633248843
0.936266217951167
0.9351840600832311
0.9340930999067589
0.9329933476902839
0.9318848137850915
0.9307675086251255
0.9296414427268883
0.9285066266893399
0.9273630711938016
0.9262107870038534
0.9250497849652325
0.9238800760057324
0.9227016711350996
0.921514581444929
0.9203188181085616
0.9191143923809767
0.9179013155986879
0.9166795991796367
0.9154492546230822
0.9142102935094967
0.9129627275004539
0.91170656833852
0.9104418278471436
0.909168517930544
0.9078866505735985
0.9065962378417319
0.9052972918807993
0.9039898249169754
0.902673849256637
0.9013493772862481
0.9000164214722431
0.8986749943609104
0.8973251085782724
0.8959667768299681
0.8946000119011339
0.893224826656281
0.8918412340391771
0.890449247072723
0.8890488788588292
0.8876401425782966
0.8862230514906851
0.884797618934198
0.8833638583255481
0.8819217831598363
0.8804714070104236
0.879012743528803
0.8775458064444702
0.8760706095647958
0.8745871667748947
0.8730954920374953
0.8715955993928091
0.8700875029583957
0.8685712169290336
0.8670467555765851
0.8655141332498597
0.8639733643744832
0.8624244634527596
0.8608674450635329
0.8593023238620544
0.8577291145798404
0.8561478320245353
0.8545584910797739
0.8529611067050376
0.8513556939355168
0.849742267881968
0.8481208437305714
0.8464914367427885
0.8448540622552194
0.8432087356794548
0.8415554725019369
0.8398942882838065
0.8382251986607632
0.8365482193429145
0.8348633661146272
0.8331706548343827
0.8314701014346241
0.8297617219216066
0.8280455323752498
0.8263215489489838
0.8245897878695952
0.8228502654370813
0.821102998024488
0.8193480020777618
0.8175852941155939
0.815814890729262
0.8140368085824773
0.8122510644112267
0.8104576750236133
0.8086566572997018
0.8068480281913571
0.8050318047220847
0.8032080039868721
0.8013766431520256
0.7995377394550114
0.7976913102042918
0.7958373727791614
0.7939759446295852
0.7921070432760353
0.790230686309321
0.78834689139043
0.7864556762503573
0.7845570586899395
0.7826510565796894
0.7807376878596232
0.7788169705390968
0.7768889226966333
0.7749535624797532
0.7730109081048034
0.7710609778567877
0.7691037900891907
0.7671393632238109
0.7651677157505811
0.7631888662273977
0.7612028332799475
0.7592096356015277
0.7572092919528742
0.7552018211619838
0.7531872421239358
0.7511655738007152
0.7491368352210341
0.7471010454801534
0.7450582237397007
0.7430083892274925
0.7409515612373517
0.7388877591289271
0.7368170023275098
0.7347393103238519
0.7326547026739809
0.7305631989990189
0.7284648189849945
0.7263595823826597
0.7242475090073034
0.7221286187385642
0.7200029315202443
0.7178704673601214
0.7157312463297607
0.7135852885643248
0.7114326142623859
0.7092732436857339
0.7071071971591872
0.704934495070401
0.7027551578696744
0.7005692060697595
0.6983766602456665
0.6961775410344726
0.6939718691351244
0.6917596653082466
0.6895409503759441
0.6873157452216064
0.685084070789712
0.6828459480856308
0.6806013981754259
0.6783504421856558
0.6760931013031758
0.6738293967749378
0.6715593499077911
0.669282982068281
0.667000314682449
0.6647113692356298
0.6624161672722496
0.6601147303956233
0.6578070802677513
0.6554932386091155
0.6531732271984751
0.6508470678726607
0.6485147825263697
0.6461763931119604
0.6438319216392444
0.64148139017528
0.6391248208441646
0.6367622358268262
0.6343936573608148
0.6320191077400931
0.6296386093148261
0.6272521844911719
0.6248598557310701
0.6224616455520293
0.6200575765269176
0.6176476712837484
0.6152319525054671
0.6128104429297394
0.6103831653487354
0.6079501426089161
0.6055113976108181
0.6030669533088382
0.6006168327110171
0.5981610588788232
0.5956996549269347
0.5932326440230233
0.590760049387535
0.5882818942934724
0.5857982020661747
0.5833089960830997
0.5808142997736014
0.5783141366187119
0.575808530150919
0.573297503953945
0.5707810816625247
0.5682592869621833
0.5657321435890127
0.5631996753294488
0.5606619060200475
0.55811885954726
0.5555705598472082
0.5530170309054593
0.5504582967568002
0.5478943814850117
0.5453253092226397
0.5427511041507719
0.5401717904988064
0.5375873925442252
0.5349979346123666
0.5324034410761949
0.5298039363560711
0.5271994449195236
0.5245899912810179
0.5219756000017255
0.5193562956892926
0.5167321029976092
0.5141030466265759
0.511469151321873
0.5088304418747263
0.506186943121673
0.5035386799443318
0.5008856772691629
0.4982279600672384
0.4955655533540052
0.49289848218904847
0.4902267716758584
0.4875504469615914
0.48486953323683524
0.4821840557353707
0.47949403973393534
0.4767995105519833
0.4741004935514503
0.4713970141365118
0.4686890977533456
0.46597676988989256
0.4632600560756151
0.4605389818812583
0.4578135729186086
0.45508385484025365
0.4523498533393393
0.44961159414932894
0.44686910304376076
0.44412240583600565
0.44137152837902416
0.43861649656512197
0.4358573363257083
0.4330940736310496
0.4303267344900271
0.42755534494989067
0.4247799310960142
0.4220005190516497
0.4192171349776823
0.4164298050723821
0.41363855557116064
0.41084341274632064
0.4080444029068112
0.40524155239797904
0.4024348876013201
0.3996244349342329
0.39681022084976786
0.3939922718363799
0.3911706144176787
0.38834527515217815
0.3855162806330473
0.38268365748786026
0.37984743237834456
0.37700763200013143
0.37416428308250377
0.37131741238814364
0.36846704671288316
0.3656132128854489
0.3627559377672121
0.3598952482519342
0.357031171265515
0.35416373376573673
0.35129296274201416
0.3484188852151371
0.3455415282370178
0.34266091889043626
0.3397770842887843
0.3368900515758118
0.3339998479253699
0.33110650054115653
0.3282100366564588
0.32531048353389824
0.32240786846517255
0.31950221877080087
0.3165935617998644
0.3136819249297501
0.3107673355658938
0.3078498211415199
0.3049294091173854
0.3020061269815208
0.29908000224897063
0.29615106246153544
0.2932193351875121
0.29028484802143373
0.2873476285838117
0.2844077045208737
0.28146510350430465
0.27851985323098627
0.27557198142273565
0.2726215158260448
0.26966848421181966
0.2667129143751188
0.26375483413489054
0.2607942713337134
0.257831253837531
0.2548658095353935
0.2518979663391915
0.2489277521833954
0.24595519502479246
0.24298032284222243
0.24000316363631521
0.2370237454292272
0.2340420962643773
0.23105824420618298
0.22807221733979643
0.2250840437708391
0.22209375162513928
0.21910136904846536
0.21610692420626143
0.21311044528338347
0.2101119604838316
0.20711149803048706
0.20410908616484502
0.2011047531467497
0.19809852725412744
0.19509043678272145
0.19208051004582444
0.18906877537401365
0.18605526111488258
0.1830399956327751
0.18002300730851847
0.17700432453915574
0.17398397573767888
0.17096198933276072
0.16793839376848863
0.16491321750409543
0.16188648901369213
0.15885823678600047
0.15582848932408316
0.15279727514507746
0.1497646227799255
0.1467305607731066
0.14369511768236762
0.14065832207845527
0.13762020254484583
0.13458078767747783
0.13154010608448147
0.12849818638590968
0.12545505721346978
0.12241074721025189
0.11936528503046147
0.11631869933914817
0.1132710188119372
0.11022227213475805
0.10717248800357594
0.10412169512411999
0.10106992221161519
0.09801719799051031
0.09496355119420813
0.09190901056479583
0.08885360485277252
0.08579736281678076
0.08274031322333421
0.07968248484654836
0.07662390646786817
0.07356460687579848
0.0705046148656316
0.06744395923917833
0.06438266880449478
0.06132077237561228
0.05825829877226665
0.05519527681962525
0.05213173534801748
0.049067703192662175
0.04600320919339728
0.0429382821944072
0.039872951043952366
0.03680724459409643
0.03374119170043661
0.030674821221830267
0.027608162020123946
0.02454124295988254
0.021474092908115715
0.018406740734008144
0.015339215308646426
0.012271545504748516
0.009203760196390649
0.0061358882587368106
0.0030679585677654705
-1.2254976787833728e-16
-0.0030679585677657155
-0.006135888258737054
-0.009203760196390895
-0.012271545504748758
-0.01533921530864667
-0.018406740734008383
-0.021474092908115958
-0.024541242959882793
-0.02760816202012419
-0.03067482122183052
-0.033741191700436865
-0.03680724459409667
-0.03987295104395261
-0.04293828219440745
-0.04600320919339754
-0.04906770319266241
-0.05213173534801772
-0.05519527681962549
-0.05825829877226691
-0.061320772375612516
-0.06438266880449504
-0.06744395923917856
-0.07050461486563186
-0.0735646068757987
-0.07662390646786842
-0.07968248484654862
-0.08274031322333443
-0.08579736281678098
-0.08885360485277279
-0.09190901056479604
-0.09496355119420838
-0.09801719799051058
-0.10106992221161543
-0.10412169512412024
-0.10717248800357618
-0.1102222721347583
-0.11327101881193742
-0.11631869933914844
-0.11936528503046173
-0.12241074721025212
-0.12545505721347003
-0.12849818638590996
-0.1315401060844817
-0.13458078767747805
-0.13762020254484603
-0.14065832207845552
-0.14369511768236787
-0.14673056077310678
-0.14976462277992572
-0.15279727514507777
-0.15582848932408339
-0.1588582367860007
-0.16188648901369235
-0.16491321750409568
-0.16793839376848885
-0.17096198933276094
-0.1739839757376791
-0.17700432453915596
-0.18002300730851872
-0.1830399956327753
-0.18605526111488283
-0.18906877537401387
-0.19208051004582466
-0.19509043678272173
-0.19809852725412766
-0.20110475314674997
-0.20410908616484527
-0.20711149803048737
-0.21011196048383185
-0.21311044528338366
-0.21610692420626168
-0.21910136904846558
-0.22209375162513956
-0.22508404377083938
-0.22807221733979663
-0.23105824420618323
-0.23404209626437752
-0.23702374542922738
-0.2400031636363155
-0.24298032284222262
-0.24595519502479274
-0.2489277521833956
-0.2518979663391917
-0.25486580953539373
-0.2578312538375313
-0.2607942713337136
-0.2637548341348908
-0.266712914375119
-0.2696684842118198
-0.27262151582604516
-0.2755719814227358
-0.2785198532309866
-0.2814651035043048
-0.28440770452087394
-0.28734762858381185
-0.29028484802143395
-0.29321933518751225
-0.29615106246153566
-0.29908000224897086
-0.3020061269815209
-0.30492940911738575
-0.3078498211415201
-0.310767335565894
-0.3136819249297504
-0.3165935617998646
-0.31950221877080115
-0.32240786846517283
-0.32531048353389846
-0.328210036656459
-0.3311065005411568
-0.33399984792537013
-0.336890051575812
-0.3397770842887846
-0.34266091889043643
-0.34554152823701795
-0.34841888521513736
-0.3512929627420143
-0.354163733765737
-0.3570311712655152
-0.35989524825193453
-0.3627559377672123
-0.36561321288544907
-0.3684670467128834
-0.37131741238814403
-0.37416428308250393
-0.3770076320001317
-0.37984743237834495
-0.38268365748786043
-0.38551628063304755
-0.3883452751521785
-0.39117061441767886
-0.3939922718363804
-0.3968102208497679
-0.3996244349342331
-0.40243488760132035
-0.40524155239797915
-0.40804440290681143
-0.4108434127463209
-0.41363855557116086
-0.41642980507238236
-0.41921713497768254
-0.42200051905164987
-0.4247799310960145
-0.4275553449498909
-0.4303267344900275
-0.43309407363104985
-0.4358573363257085
-0.4386164965651221
-0.44137152837902444
-0.444122405836006
-0.446869103043761
-0.4496115941493293
-0.45234985333933947
-0.45508385484025393
-0.4578135729186089
-0.46053898188125847
-0.4632600560756153
-0.46597676988989284
-0.46868909775334583
-0.471397014136512
-0.47410049355145034
-0.47679951055198355
-0.47949403973393556
-0.48218405573537104
-0.48486953323683546
-0.4875504469615916
-0.4902267716758586
-0.49289848218904875
-0.4955655533540054
-0.4982279600672387
-0.5008856772691631
-0.503538679944332
-0.5061869431216732
-0.5088304418747265
-0.5114691513218732
-0.5141030466265761
-0.5167321029976093
-0.519356295689293
-0.5219756000017257
-0.5245899912810182
-0.5271994449195239
-0.5298039363560713
-0.5324034410761951
-0.534997934612367
-0.5375873925442254
-0.5401717904988063
-0.542751104150772
-0.5453253092226399
-0.5478943814850119
-0.5504582967568005
-0.5530170309054596
-0.5555705598472082
-0.5581188595472603
-0.5606619060200478
-0.563199675329449
-0.5657321435890129
-0.5682592869621835
-0.570781081662525
-0.5732975039539451
-0.5758085301509194
-0.5783141366187122
-0.5808142997736014
-0.5833089960830999
-0.585798202066175
-0.5882818942934724
-0.5907600493875352
-0.5932326440230236
-0.5956996549269349
-0.5981610588788235
-0.6006168327110173
-0.6030669533088384
-0.6055113976108182
-0.6079501426089161
-0.6103831653487356
-0.6128104429297394
-0.6152319525054674
-0.6176476712837485
-0.6200575765269182
-0.6224616455520294
-0.6248598557310701
-0.6272521844911721
-0.6296386093148264
-0.6320191077400932
-0.6343936573608151
-0.6367622358268265
-0.6391248208441647
-0.6414813901752803
-0.6438319216392445
-0.6461763931119606
-0.6485147825263698
-0.6508470678726608
-0.6531732271984751
-0.6554932386091159
-0.6578070802677516
-0.6601147303956234
-0.66241616727225
-0.66471136923563
-0.6670003146824495
-0.6692829820682812
-0.6715593499077913
-0.6738293967749379
-0.676093101303176
-0.6783504421856558
-0.680601398175426
-0.6828459480856308
-0.685084070789712
-0.6873157452216068
-0.6895409503759439
-0.691759665308247
-0.6939718691351248
-0.6961775410344728
-0.6983766602456667
-0.7005692060697597
-0.7027551578696746
-0.7049344950704013
-0.7071071971591877
-0.7092732436857342
-0.711432614262386
-0.7135852885643251
-0.7157312463297608
-0.7178704673601218
-0.7200029315202444
-0.7221286187385643
-0.7242475090073035
-0.7263595823826597
-0.7284648189849946
-0.7305631989990189
-0.7326547026739811
-0.7347393103238519
-0.73681700232751
-0.7388877591289273
-0.740951561237352
-0.7430083892274926
-0.7450582237397008
-0.7471010454801534
-0.7491368352210342
-0.7511655738007152
-0.7531872421239358
-0.7552018211619838
-0.7572092919528745
-0.7592096356015278
-0.7612028332799475
-0.763188866227398
-0.7651677157505812
-0.767139363223811
-0.769103790089191
-0.7710609778567875
-0.7730109081048037
-0.7749535624797533
-0.7768889226966337
-0.7788169705390973
-0.780737687859623
-0.7826510565796894
-0.7845570586899399
-0.7864556762503574
-0.7883468913904302
-0.7902306863093214
-0.792107043276035
-0.7939759446295859
-0.7958373727791614
-0.7976913102042918
-0.7995377394550117
-0.8013766431520258
-0.803208003986872
-0.8050318047220848
-0.8068480281913575
-0.8086566572997023
-0.8104576750236137
-0.8122510644112265
-0.8140368085824775
-0.8158148907292619
-0.8175852941155941
-0.8193480020777621
-0.8211029980244879
-0.8228502654370812
-0.8245897878695956
-0.8263215489489837
-0.8280455323752502
-0.8297617219216069
-0.8314701014346241
-0.8331706548343829
-0.8348633661146275
-0.8365482193429143
-0.8382251986607636
-0.8398942882838067
-0.8415554725019369
-0.8432087356794551
-0.8448540622552194
-0.8464914367427888
-0.8481208437305715
-0.8497422678819682
-0.851355693935517
-0.8529611067050378
-0.854558491079774
-0.8561478320245355
-0.8577291145798402
-0.8593023238620545
-0.8608674450635332
-0.8624244634527597
-0.8639733643744835
-0.8655141332498598
-0.8670467555765851
-0.8685712169290339
-0.8700875029583958
-0.8715955993928091
-0.8730954920374956
-0.8745871667748947
-0.876070609564796
-0.8775458064444702
-0.8790127435288031
-0.880471407010424
-0.8819217831598365
-0.8833638583255481
-0.884797618934198
-0.8862230514906855
-0.8876401425782963
-0.8890488788588295
-0.8904492470727232
-0.8918412340391771
-0.893224826656281
-0.894600011901134
-0.8959667768299684
-0.8973251085782725
-0.8986749943609104
-0.9000164214722433
-0.9013493772862482
-0.902673849256637
-0.9039898249169755
-0.9052972918807997
-0.9065962378417319
-0.9078866505735989
-0.9091685179305441
-0.9104418278471439
-0.91170656833852
-0.912962727500454
-0.9142102935094967
-0.9154492546230822
-0.9166795991796368
-0.917901315598688
-0.919114392380977
-0.9203188181085614
-0.9215145814449294
-0.9227016711350996
-0.9238800760057325
-0.9250497849652327
-0.9262107870038534
-0.9273630711938018
-0.92850662668934
-0.9296414427268883
-0.9307675086251257
-0.9318848137850915
-0.9329933476902836
-0.9340930999067594
-0.935184060083231
-0.936266217951167
-0.9373395633248847
-0.9384040861016485
-0.9394597762617654
-0.9405066238686769
-0.9415446190690544
-0.9425737520928926
-0.9435940132535993
-0.944605392948087
-0.9456078816568662
-0.9466014699441304
-0.9475861484578484
-0.9485619079298513
-0.9495287391759192
-0.9504866330958682
-0.9514355806736357
-0.9523755729773662
-0.9533066011594935
-0.9542286564568263
-0.9551417301906286
-0.9560458137667033
-0.9569408986754705
-0.9578269764920511
-0.9587040388763426
-0.9595720775730999
-0.9604310844120124
-0.9612810513077805
-0.9621219702601921
-0.9629538333541974
-0.9637766327599848
-0.9645903607330527
-0.965395009614283
-0.9661905718300147
-0.9669770398921127
-0.9677544063980406
-0.9685226640309282
-0.9692818055596426
-0.970031823838854
-0.9707727118091053
-0.9715044624968766
-0.9722270690146516
-0.9729405245609829
-0.9736448224205545
-0.974339955964247
-0.9750259186491994
-0.9757027040188688
-0.9763703057030939
-0.9770287174181538
-0.9776779329668257
-0.9783179462384466
-0.9789487512089672
-0.9795703419410108
-0.9801827125839296
-0.9807858573738566
-0.9813797706337646
-0.9819644467735148
-0.9825398802899131
-0.9831060657667603
-0.983662997874903
-0.9842106713722837
-0.9847490811039911
-0.9852782220023079
-0.9857980890867584
-0.9863086774641554
-0.9868099823286466
-0.98730199896176
-0.9877847227324476
-0.9882581490971291
-0.9887222735997357
-0.9891770918717505
-0.9896225996322512
-0.9900587926879483
-0.9904856669332271
-0.9909032183501849
-0.9913114430086678
-0.991710337066311
-0.9920998967685711
-0.9924801184487636
-0.9928509985280979
-0.9932125335157088
-0.9935647200086918
-0.9939075546921331
-0.9942410343391422
-0.994565155810882
-0.9948799160565973
-0.9951853121136452
-0.9954813411075212
-0.995768000251888
-0.996045286848601
-0.996313198287732
-0.9965717320475977
-0.996820885694779
-0.9970606568841474
-0.997291043358885
-0.9975120429505067
-0.9977236535788798
-0.9979258732522447
-0.9981187000672328
-0.9983021322088848
-0.9984761679506673
-0.9986408056544899
-0.9987960437707195
-0.998941880838196
-0.9990783154842455
-0.9992053464246932
-0.9993229724638749
-0.9994311924946502
-0.9995300054984108
-0.9996194105450908
-0.9996994067931761
-0.9997699934897114
-0.9998311699703082
-0.9998829356591497
-0.9999252900689976
-0.9999582328011964
-0.999981763545676
-0.9999958820809567
-1.0000005882741492
-0.9999958820809565
-0.9999817635456761
-0.9999582328011963
-0.9999252900689976
-0.9998829356591497
-0.9998311699703081
-0.9997699934897114
-0.999699406793176
-0.9996194105450908
-0.9995300054984106
-0.9994311924946502
-0.9993229724638749
-0.9992053464246929
-0.9990783154842455
-0.998941880838196
-0.9987960437707195
-0.9986408056544899
-0.9984761679506673
-0.9983021322088848
-0.9981187000672328
-0.9979258732522447
-0.9977236535788795
-0.9975120429505063
-0.997291043358885
-0.9970606568841474
-0.996820885694779
-0.9965717320475977
-0.996313198287732
-0.9960452868486008
-0.995768000251888
-0.9954813411075212
-0.9951853121136452
-0.9948799160565973
-0.9945651558108821
-0.9942410343391422
-0.9939075546921331
-0.9935647200086917
-0.9932125335157088
-0.992850998528098
-0.9924801184487636
-0.9920998967685709
-0.9917103370663108
-0.991311443008668
-0.9909032183501846
-0.990485666933227
-0.9900587926879483
-0.9896225996322511
-0.9891770918717505
-0.9887222735997357
-0.9882581490971291
-0.9877847227324476
-0.98730199896176
-0.9868099823286465
-0.9863086774641554
-0.9857980890867581
-0.9852782220023081
-0.9847490811039912
-0.9842106713722837
-0.983662997874903
-0.9831060657667604
-0.9825398802899131
-0.9819644467735148
-0.9813797706337644
-0.9807858573738567
-0.9801827125839293
-0.9795703419410108
-0.9789487512089671
-0.9783179462384465
-0.9776779329668258
-0.9770287174181536
-0.976370305703094
-0.9757027040188688
-0.9750259186491993
-0.9743399559642473
-0.9736448224205544
-0.9729405245609825
-0.9722270690146516
-0.9715044624968767
-0.9707727118091053
-0.9700318238388541
-0.9692818055596425
-0.9685226640309282
-0.9677544063980406
-0.9669770398921128
-0.9661905718300147
-0.965395009614283
-0.9645903607330524
-0.9637766327599848
-0.9629538333541976
-0.9621219702601919
-0.9612810513077805
-0.9604310844120124
-0.9595720775730999
-0.9587040388763426
-0.9578269764920511
-0.9569408986754707
-0.9560458137667031
-0.9551417301906288
-0.9542286564568263
-0.9533066011594935
-0.9523755729773662
-0.9514355806736357
-0.9504866330958681
-0.9495287391759191
-0.9485619079298511
-0.9475861484578484
-0.9466014699441302
-0.9456078816568662
-0.944605392948087
-0.943594013253599
-0.9425737520928926
-0.9415446190690544
-0.9405066238686767
-0.9394597762617651
-0.9384040861016487
-0.9373395633248847
-0.9362662179511668
-0.9351840600832313
-0.9340930999067592
-0.9329933476902839
-0.9318848137850915
-0.9307675086251257
-0.9296414427268883
-0.9285066266893399
-0.9273630711938018
-0.9262107870038533
-0.9250497849652325
-0.9238800760057327
-0.9227016711350996
-0.9215145814449293
-0.9203188181085616
-0.9191143923809767
-0.917901315598688
-0.9166795991796365
-0.9154492546230824
-0.9142102935094967
-0.9129627275004539
-0.9117065683385202
-0.9104418278471437
-0.9091685179305438
-0.907886650573599
-0.9065962378417319
-0.9052972918807997
-0.9039898249169753
-0.9026738492566371
-0.9013493772862481
-0.9000164214722433
-0.8986749943609105
-0.8973251085782724
-0.8959667768299682
-0.8946000119011337
-0.8932248266562812
-0.8918412340391771
-0.8904492470727229
-0.8890488788588298
-0.8876401425782963
-0.8862230514906855
-0.884797618934198
-0.8833638583255481
-0.8819217831598363
-0.8804714070104237
-0.879012743528803
-0.8775458064444702
-0.8760706095647958
-0.8745871667748947
-0.8730954920374956
-0.871595599392809
-0.8700875029583957
-0.8685712169290339
-0.8670467555765851
-0.8655141332498597
-0.8639733643744835
-0.8624244634527595
-0.8608674450635332
-0.8593023238620544
-0.8577291145798404
-0.8561478320245355
-0.854558491079774
-0.8529611067050377
-0.851355693935517
-0.849742267881968
-0.8481208437305714
-0.8464914367427888
-0.8448540622552191
-0.8432087356794551
-0.8415554725019365
-0.8398942882838065
-0.8382251986607634
-0.8365482193429145
-0.8348633661146274
-0.8331706548343829
-0.831470101434624
-0.8297617219216068
-0.8280455323752502
-0.8263215489489836
-0.8245897878695958
-0.8228502654370813
-0.8211029980244879
-0.8193480020777621
-0.8175852941155939
-0.8158148907292622
-0.8140368085824775
-0.8122510644112265
-0.8104576750236134
-0.8086566572997019
-0.8068480281913574
-0.8050318047220848
-0.8032080039868721
-0.8013766431520256
-0.7995377394550117
-0.7976913102042916
-0.7958373727791613
-0.7939759446295855
-0.792107043276035
-0.7902306863093211
-0.78834689139043
-0.7864556762503573
-0.7845570586899399
-0.7826510565796894
-0.7807376878596232
-0.7788169705390969
-0.7768889226966333
-0.7749535624797532
-0.7730109081048036
-0.7710609778567877
-0.769103790089191
-0.7671393632238109
-0.7651677157505811
-0.763188866227398
-0.7612028332799472
-0.7592096356015277
-0.7572092919528745
-0.755201821161984
-0.7531872421239358
-0.7511655738007151
-0.7491368352210342
-0.7471010454801532
-0.7450582237397007
-0.7430083892274926
-0.7409515612373517
-0.7388877591289272
-0.7368170023275099
-0.7347393103238519
-0.7326547026739809
-0.730563198999019
-0.7284648189849945
-0.7263595823826601
-0.7242475090073034
-0.7221286187385642
-0.7200029315202443
-0.7178704673601215
-0.7157312463297608
-0.7135852885643249
-0.711432614262386
-0.7092732436857342
-0.7071071971591875
-0.7049344950704013
-0.7027551578696747
-0.7005692060697594
-0.6983766602456667
-0.6961775410344726
-0.6939718691351244
-0.691759665308247
-0.6895409503759441
-0.6873157452216063
-0.6850840707897121
-0.6828459480856308
-0.6806013981754258
-0.6783504421856559
-0.6760931013031758
-0.6738293967749378
-0.671559349907791
-0.6692829820682812
-0.6670003146824492
-0.6647113692356298
-0.6624161672722496
-0.6601147303956234
-0.6578070802677515
-0.6554932386091157
-0.653173227198475
-0.6508470678726608
-0.6485147825263698
-0.6461763931119605
-0.6438319216392444
-0.6414813901752799
-0.6391248208441648
-0.6367622358268261
-0.6343936573608149
-0.6320191077400932
-0.6296386093148261
-0.6272521844911723
-0.6248598557310698
-0.6224616455520294
-0.6200575765269177
-0.6176476712837484
-0.6152319525054672
-0.6128104429297396
-0.6103831653487354
-0.6079501426089162
-0.6055113976108181
-0.6030669533088383
-0.6006168327110174
-0.5981610588788233
-0.5956996549269347
-0.5932326440230234
-0.590760049387535
-0.5882818942934726
-0.5857982020661751
-0.5833089960830997
-0.5808142997736016
-0.578314136618712
-0.575808530150919
-0.5732975039539452
-0.5707810816625248
-0.5682592869621834
-0.5657321435890129
-0.5631996753294489
-0.5606619060200477
-0.5581188595472601
-0.5555705598472083
-0.5530170309054593
-0.5504582967568005
-0.5478943814850116
-0.54532530922264
-0.542751104150772
-0.5401717904988063
-0.5375873925442254
-0.5349979346123669
-0.532403441076195
-0.5298039363560711
-0.5271994449195238
-0.5245899912810182
-0.5219756000017256
-0.5193562956892928
-0.5167321029976092
-0.514103046626576
-0.5114691513218732
-0.5088304418747261
-0.5061869431216733
-0.5035386799443318
-0.500885677269163
-0.49822796006723863
-0.4955655533540052
-0.4928984821890486
-0.49022677167585843
-0.48755044696159155
-0.4848695332368354
-0.48218405573537104
-0.4794940397339352
-0.47679951055198344
-0.47410049355145023
-0.47139701413651197
-0.46868909775334583
-0.4659767698898927
-0.46326005607561516
-0.4605389818812583
-0.45781357291860875
-0.4550838548402538
-0.45234985333933936
-0.4496115941493289
-0.44686910304376093
-0.44412240583600593
-0.4413715283790242
-0.4386164965651221
-0.43585733632570833
-0.4330940736310497
-0.4303267344900273
-0.42755534494989084
-0.42477993109601436
-0.42200051905165
-0.4192171349776822
-0.41642980507238225
-0.4136385555711607
-0.41084341274632075
-0.4080444029068114
-0.40524155239797904
-0.4024348876013203
-0.39962443493423283
-0.396810220849768
-0.39399227183638025
-0.39117061441767875
-0.38834527515217815
-0.38551628063304744
-0.38268365748786026
-0.3798474323783448
-0.3770076320001317
-0.37416428308250366
-0.3713174123881438
-0.3684670467128833
-0.365613212885449
-0.36275593776721227
-0.35989524825193453
-0.3570311712655149
-0.3541637337657369
-0.35129296274201416
-0.3484188852151372
-0.345541528237018
-0.34266091889043626
-0.33977708428878434
-0.3368900515758119
-0.3339998479253702
-0.3311065005411567
-0.328210036656459
-0.32531048353389824
-0.3224078684651727
-0.319502218770801
-0.3165935617998645
-0.31368192492975044
-0.3107673355658938
-0.30784982114151993
-0.30492940911738553
-0.302006126981521
-0.2990800022489708
-0.2961510624615356
-0.29321933518751203
-0.29028484802143384
-0.28734762858381174
-0.2844077045208738
-0.2814651035043048
-0.2785198532309863
-0.27557198142273565
-0.2726215158260449
-0.2696684842118198
-0.26671291437511885
-0.26375483413489065
-0.2607942713337133
-0.2578312538375312
-0.2548658095353936
-0.2518979663391916
-0.24892775218339563
-0.24595519502479252
-0.24298032284222243
-0.24000316363631533
-0.2370237454292273
-0.23404209626437744
-0.23105824420618318
-0.22807221733979638
-0.22508404377083926
-0.22209375162513942
-0.21910136904846542
-0.21610692420626165
-0.21311044528338347
-0.21011196048383166
-0.20711149803048717
-0.20410908616484522
-0.20110475314674986
-0.19809852725412758
-0.19509043678272142
-0.19208051004582458
-0.1890687753740137
-0.18605526111488266
-0.18303999563277526
-0.1800230073085186
-0.17700432453915593
-0.17398397573767888
-0.17096198933276083
-0.16793839376848876
-0.16491321750409554
-0.16188648901369235
-0.15885823678600056
-0.15582848932408325
-0.15279727514507757
-0.14976462277992572
-0.14673056077310676
-0.14369511768236778
-0.14065832207845527
-0.13762020254484594
-0.13458078767747794
-0.13154010608448155
-0.12849818638590998
-0.12545505721346986
-0.122410747210252
-0.11936528503046154
-0.11631869933914837
-0.11327101881193735
-0.11022227213475827
-0.10717248800357594
-0.10412169512412014
-0.10106992221161533
-0.09801719799051042
-0.0949635511942084
-0.0919090105647959
-0.08885360485277265
-0.08579736281678078
-0.08274031322333442
-0.07968248484654852
-0.07662390646786833
-0.07356460687579848
-0.0705046148656318
-0.06744395923917844
-0.0643826688044949
-0.06132077237561254
-0.05825829877226673
-0.055195276819625355
-0.052131735348017544
-0.049067703192662376
-0.046003209193397454
-0.04293828219440737
-0.03987295104395236
-0.03680724459409659
-0.03374119170043674
-0.030674821221830365
-0.027608162020124203
-0.02454124295988262
-0.02147409290811581
-0.018406740734008192
-0.015339215308646624
-0.012271545504748666
-0.009203760196390832
-0.006135888258736796
-0.003067958567765631
7.440787363590606e-20
0.00306795856776563
0.006135888258736796
0.00920376019639083
0.012271545504748668
0.015339215308646624
0.018406740734008192
0.021474092908115812
0.024541242959882616
0.027608162020124203
0.030674821221830365
0.03374119170043673
0.03680724459409659
0.03987295104395235
0.04293828219440739
0.04600320919339744
0.04906770319266238
0.05213173534801754
0.05519527681962534
0.05825829877226673
0.06132077237561254
0.06438266880449489
0.06744395923917845
0.07050461486563178
0.07356460687579847
0.07662390646786836
0.07968248484654852
0.0827403132233344
0.08579736281678081
0.0888536048527726
0.0919090105647959
0.0949635511942084
0.09801719799051042
0.10106992221161533
0.10412169512412014
0.10717248800357597
0.11022227213475824
0.11327101881193735
0.11631869933914837
0.11936528503046154
0.122410747210252
0.12545505721346986
0.12849818638590996
0.13154010608448155
0.13458078767747794
0.13762020254484597
0.14065832207845527
0.14369511768236784
0.14673056077310673
0.14976462277992572
0.15279727514507757
0.15582848932408322
0.15885823678600056
0.16188648901369235
0.16491321750409557
0.16793839376848874
0.17096198933276086
0.1739839757376789
0.17700432453915593
0.1800230073085186
0.1830399956327753
0.18605526111488271
0.18906877537401373
0.19208051004582458
0.19509043678272142
0.19809852725412758
0.20110475314674986
0.20410908616484522
0.20711149803048715
0.21011196048383163
0.21311044528338347
0.21610692420626165
0.21910136904846544
0.22209375162513942
0.2250840437708392
0.2280722173397964
0.23105824420618312
0.2340420962643775
0.2370237454292273
0.24000316363631533
0.24298032284222248
0.24595519502479254
0.2489277521833956
0.2518979663391916
0.2548658095353936
0.2578312538375312
0.26079427133371336
0.2637548341348907
0.26671291437511885
0.2696684842118199
0.2726215158260448
0.27557198142273565
0.2785198532309863
0.2814651035043048
0.2844077045208738
0.2873476285838118
0.2902848480214338
0.2932193351875121
0.2961510624615356
0.2990800022489708
0.30200612698152096
0.3049294091173856
0.3078498211415198
0.3107673355658938
0.3136819249297504
0.3165935617998645
0.319502218770801
0.3224078684651727
0.32531048353389824
0.328210036656459
0.33110650054115665
0.3339998479253702
0.3368900515758118
0.33977708428878445
0.34266091889043626
0.345541528237018
0.3484188852151372
0.35129296274201427
0.3541637337657369
0.3570311712655149
0.35989524825193453
0.3627559377672123
0.365613212885449
0.3684670467128831
0.37131741238814386
0.37416428308250366
0.37700763200013165
0.3798474323783448
0.38268365748786043
0.38551628063304744
0.3883452751521781
0.3911706144176789
0.39399227183638014
0.396810220849768
0.399624434934233
0.4024348876013202
0.4052415523979791
0.40804440290681143
0.41084341274632075
0.4136385555711607
0.41642980507238225
0.4192171349776822
0.4220005190516498
0.42477993109601436
0.42755534494989084
0.43032673449002723
0.43309407363104974
0.43585733632570833
0.4386164965651221
0.44137152837902427
0.44412240583600593
0.4468691030437608
0.44961159414932894
0.45234985333933936
0.4550838548402538
0.45781357291860875
0.4605389818812583
0.4632600560756151
0.4659767698898927
0.46868909775334583
0.4713970141365118
0.4741004935514503
0.47679951055198344
0.47949403973393523
0.48218405573537093
0.4848695332368354
0.48755044696159155
0.49022677167585843
0.4928984821890487
0.4955655533540052
0.4982279600672385
0.500885677269163
0.5035386799443319
0.5061869431216733
0.5088304418747261
0.5114691513218732
0.514103046626576
0.5167321029976092
0.5193562956892928
0.5219756000017256
0.5245899912810181
0.5271994449195238
0.5298039363560711
0.532403441076195
0.5349979346123667
0.5375873925442254
0.5401717904988064
0.542751104150772
0.54532530922264
0.5478943814850116
0.5504582967568005
0.5530170309054593
0.5555705598472082
0.5581188595472601
0.5606619060200477
0.563199675329449
0.5657321435890129
0.5682592869621833
0.5707810816625248
0.573297503953945
0.575808530150919
0.578314136618712
0.5808142997736014
0.5833089960830998
0.585798202066175
0.5882818942934723
0.5907600493875351
0.5932326440230233
0.5956996549269347
0.5981610588788233
0.6006168327110173
0.6030669533088384
0.6055113976108182
0.6079501426089161
0.6103831653487354
0.6128104429297396
0.6152319525054672
0.6176476712837484
0.6200575765269178
0.6224616455520294
0.62485985573107
0.6272521844911723
0.6296386093148262
0.6320191077400932
0.634393657360815
0.6367622358268262
0.6391248208441647
0.6414813901752802
0.6438319216392445
0.6461763931119605
0.6485147825263698
0.6508470678726608
0.6531732271984751
0.6554932386091157
0.6578070802677515
0.6601147303956234
0.6624161672722496
0.6647113692356299
0.6670003146824492
0.6692829820682811
0.671559349907791
0.6738293967749379
0.6760931013031758
0.6783504421856559
0.6806013981754258
0.6828459480856308
0.6850840707897121
0.6873157452216064
0.6895409503759441
0.691759665308247
0.6939718691351245
0.6961775410344726
0.6983766602456668
0.7005692060697594
0.7027551578696747
0.7049344950704012
0.7071071971591876
0.7092732436857342
0.711432614262386
0.7135852885643251
0.7157312463297607
0.7178704673601216
0.7200029315202443
0.7221286187385642
0.7242475090073034
0.72635958238266
0.7284648189849946
0.7305631989990189
0.7326547026739813
0.7347393103238516
0.73681700232751
0.7388877591289271
0.740951561237352
0.7430083892274925
0.7450582237397007
0.7471010454801532
0.7491368352210345
0.7511655738007151
0.7531872421239358
0.7552018211619839
0.7572092919528746
0.7592096356015277
0.7612028332799473
0.7631888662273981
0.7651677157505808
0.767139363223811
0.769103790089191
0.7710609778567877
0.7730109081048034
0.7749535624797531
0.7768889226966336
0.7788169705390969
0.7807376878596234
0.7826510565796893
0.78455705868994
0.7864556762503573
0.78834689139043
0.7902306863093211
0.792107043276035
0.7939759446295859
0.7958373727791612
0.7976913102042918
0.7995377394550115
0.8013766431520258
0.803208003986872
0.805031804722085
0.8068480281913571
0.8086566572997019
0.8104576750236134
0.8122510644112265
0.8140368085824775
0.8158148907292622
0.8175852941155938
0.8193480020777624
0.8211029980244879
0.8228502654370812
0.8245897878695956
0.8263215489489837
0.8280455323752504
0.8297617219216068
0.831470101434624
0.8331706548343828
0.8348633661146275
0.8365482193429141
0.8382251986607634
0.8398942882838064
0.8415554725019367
0.8432087356794551
0.8448540622552193
0.8464914367427887
0.8481208437305714
0.8497422678819678
0.851355693935517
0.8529611067050377
0.8545584910797741
0.8561478320245355
0.8577291145798402
0.8593023238620544
0.8608674450635332
0.8624244634527596
0.8639733643744835
0.8655141332498598
0.8670467555765848
0.8685712169290338
0.8700875029583957
0.8715955993928091
0.8730954920374954
0.8745871667748949
0.8760706095647957
0.87754580644447
0.879012743528803
0.8804714070104237
0.8819217831598363
0.883363858325548
0.884797618934198
0.8862230514906855
0.8876401425782963
0.8890488788588298
0.8904492470727229
0.8918412340391773
0.893224826656281
0.8946000119011337
0.8959667768299684
0.8973251085782725
0.8986749943609104
0.9000164214722433
0.9013493772862481
0.902673849256637
0.9039898249169754
0.9052972918807997
0.9065962378417319
0.907886650573599
0.909168517930544
0.9104418278471437
0.9117065683385199
0.912962727500454
0.9142102935094967
0.9154492546230822
0.9166795991796367
0.917901315598688
0.919114392380977
0.9203188181085616
0.9215145814449293
0.9227016711350996
0.9238800760057325
0.9250497849652327
0.9262107870038533
0.9273630711938018
0.92850662668934
0.9296414427268883
0.9307675086251257
0.9318848137850915
0.9329933476902836
0.934093099906759
0.9351840600832311
0.936266217951167
0.9373395633248847
0.9384040861016485
0.9394597762617654
0.9405066238686766
0.9415446190690546
0.9425737520928926
0.943594013253599
0.9446053929480872
0.9456078816568659
0.9466014699441304
0.9475861484578484
0.9485619079298513
0.9495287391759192
0.9504866330958681
0.9514355806736357
0.9523755729773662
0.9533066011594935
0.9542286564568263
0.9551417301906286
0.9560458137667032
0.9569408986754705
0.9578269764920511
0.9587040388763426
0.9595720775730999
0.9604310844120123
0.9612810513077805
0.9621219702601921
0.9629538333541974
0.9637766327599848
0.9645903607330526
0.965395009614283
0.9661905718300147
0.9669770398921127
0.9677544063980406
0.9685226640309282
0.9692818055596426
0.970031823838854
0.9707727118091053
0.9715044624968766
0.9722270690146516
0.9729405245609827
0.9736448224205544
0.9743399559642473
0.9750259186491993
0.9757027040188688
0.9763703057030939
0.9770287174181538
0.9776779329668257
0.9783179462384466
0.9789487512089671
0.979570341941011
0.9801827125839293
0.9807858573738566
0.9813797706337646
0.9819644467735148
0.9825398802899131
0.9831060657667603
0.983662997874903
0.9842106713722837
0.9847490811039911
0.9852782220023079
0.9857980890867581
0.9863086774641552
0.9868099823286466
0.9873019989617599
0.9877847227324476
0.9882581490971291
0.9887222735997357
0.9891770918717505
0.9896225996322511
0.9900587926879483
0.9904856669332271
0.9909032183501847
0.9913114430086678
0.991710337066311
0.9920998967685711
0.9924801184487636
0.9928509985280979
0.9932125335157088
0.9935647200086918
0.9939075546921331
0.9942410343391422
0.994565155810882
0.9948799160565973
0.9951853121136452
0.9954813411075212
0.995768000251888
0.996045286848601
0.996313198287732
0.9965717320475979
0.9968208856947789
0.9970606568841476
0.997291043358885
0.9975120429505067
0.9977236535788798
0.9979258732522447
0.9981187000672328
0.9983021322088848
0.9984761679506673
0.9986408056544899
0.9987960437707195
0.998941880838196
0.9990783154842455
0.9992053464246932
0.9993229724638749
0.9994311924946502
0.9995300054984108
0.9996194105450908
0.9996994067931761
0.9997699934897114
0.9998311699703082
0.9998829356591497
0.9999252900689976
0.9999582328011964
0.999981763545676
0.9999958820809567
1.0000005882741492
0.9999958820809565
0.9999817635456761
0.9999582328011963
0.9999252900689976
0.9998829356591497
0.9998311699703081
0.9997699934897114
0.999699406793176
0.9996194105450908
0.9995300054984106
0.9994311924946502
0.9993229724638749
0.9992053464246929
0.9990783154842455
0.998941880838196
0.9987960437707195
0.9986408056544899
0.9984761679506673
0.9983021322088848
0.9981187000672328
0.9979258732522447
0.9977236535788795
0.9975120429505063
0.997291043358885
0.9970606568841474
0.996820885694779
0.9965717320475977
0.996313198287732
0.9960452868486008
0.995768000251888
0.9954813411075212
0.9951853121136452
0.9948799160565973
0.9945651558108821
0.9942410343391422
0.9939075546921331
0.9935647200086917
0.9932125335157088
0.992850998528098
0.9924801184487636
0.9920998967685709
0.991710337066311
0.9913114430086681
0.9909032183501846
0.990485666933227
0.9900587926879483
0.9896225996322512
0.9891770918717505
0.9887222735997359
0.9882581490971293
0.9877847227324476
0.98730199896176
0.9868099823286466
0.9863086774641554
0.9857980890867581
0.9852782220023081
0.9847490811039912
0.9842106713722837
0.983662997874903
0.9831060657667604
0.9825398802899131
0.9819644467735148
0.9813797706337644
0.9807858573738567
0.9801827125839294
0.9795703419410108
0.9789487512089671
0.9783179462384466
0.9776779329668258
0.9770287174181536
0.976370305703094
0.9757027040188688
0.9750259186491994
0.974339955964247
0.9736448224205545
0.9729405245609829
0.9722270690146515
0.9715044624968767
0.9707727118091053
0.9700318238388541
0.9692818055596425
0.9685226640309282
0.9677544063980406
0.9669770398921128
0.9661905718300146
0.9653950096142833
0.9645903607330526
0.9637766327599848
0.9629538333541976
0.9621219702601919
0.9612810513077805
0.9604310844120124
0.9595720775730999
0.9587040388763426
0.9578269764920511
0.9569408986754707
0.9560458137667031
0.9551417301906288
0.9542286564568263
0.9533066011594936
0.9523755729773662
0.9514355806736355
0.9504866330958684
0.9495287391759191
0.9485619079298513
0.9475861484578485
0.9466014699441302
0.9456078816568662
0.944605392948087
0.943594013253599
0.9425737520928926
0.9415446190690546
0.9405066238686766
0.9394597762617654
0.9384040861016484
0.9373395633248847
0.9362662179511668
0.9351840600832313
0.9340930999067592
0.9329933476902836
0.9318848137850917
0.9307675086251258
0.9296414427268881
0.9285066266893399
0.9273630711938018
0.9262107870038534
0.9250497849652325
0.9238800760057327
0.9227016711350998
0.9215145814449294
0.9203188181085618
0.9191143923809767
0.9179013155986883
0.9166795991796367
0.915449254623082
0.914210293509497
0.912962727500454
0.9117065683385199
0.9104418278471439
0.9091685179305441
0.9078866505735989
0.9065962378417319
0.9052972918807995
0.9039898249169755
0.902673849256637
0.9013493772862481
0.9000164214722433
0.8986749943609106
0.8973251085782723
0.8959667768299684
0.8946000119011339
0.8932248266562812
0.8918412340391771
0.890449247072723
0.8890488788588298
0.8876401425782963
0.8862230514906855
0.8847976189341981
0.883363858325548
0.8819217831598366
0.8804714070104239
0.8790127435288031
0.87754580644447
0.876070609564796
0.8745871667748947
0.8730954920374957
0.871595599392809
0.8700875029583958
0.8685712169290339
0.8670467555765851
0.86551413324986
0.8639733643744835
0.8624244634527596
0.860867445063533
0.8593023238620545
0.8577291145798404
0.8561478320245355
0.854558491079774
0.8529611067050378
0.8513556939355168
0.8497422678819682
0.8481208437305715
0.8464914367427888
0.8448540622552193
0.8432087356794551
0.8415554725019367
0.8398942882838065
0.8382251986607636
0.8365482193429143
0.8348633661146275
0.8331706548343829
0.8314701014346241
0.8297617219216068
0.8280455323752502
0.8263215489489837
0.8245897878695956
0.8228502654370813
0.8211029980244879
0.8193480020777621
0.8175852941155939
0.8158148907292622
0.8140368085824776
0.8122510644112265
0.8104576750236137
0.8086566572997022
0.8068480281913575
0.8050318047220848
0.8032080039868721
0.8013766431520256
0.7995377394550118
0.7976913102042918
0.7958373727791614
0.7939759446295857
0.792107043276035
0.7902306863093214
0.7883468913904303
0.7864556762503574
0.7845570586899399
0.7826510565796893
0.7807376878596234
0.7788169705390972
0.7768889226966336
0.7749535624797533
0.7730109081048037
0.7710609778567877
0.7691037900891912
0.7671393632238109
0.7651677157505811
0.763188866227398
0.7612028332799475
0.7592096356015277
0.7572092919528745
0.7552018211619839
0.7531872421239358
0.7511655738007152
0.7491368352210342
0.7471010454801534
0.7450582237397009
0.7430083892274926
0.740951561237352
0.7388877591289272
0.7368170023275099
0.7347393103238521
0.7326547026739809
0.730563198999019
0.7284648189849946
0.7263595823826597
0.7242475090073035
0.7221286187385643
0.7200029315202444
0.7178704673601216
0.7157312463297608
0.7135852885643252
0.711432614262386
0.7092732436857342
0.7071071971591876
0.7049344950704013
0.7027551578696748
0.7005692060697595
0.6983766602456668
0.6961775410344726
0.6939718691351248
0.691759665308247
0.6895409503759441
0.6873157452216065
0.685084070789712
0.6828459480856308
0.6806013981754261
0.6783504421856558
0.6760931013031759
0.6738293967749381
0.6715593499077912
0.6692829820682812
0.6670003146824494
0.6647113692356301
0.66241616727225
0.6601147303956233
0.6578070802677515
0.6554932386091159
0.653173227198475
0.6508470678726609
0.64851478252637
0.6461763931119608
0.6438319216392445
0.6414813901752802
0.6391248208441647
0.6367622358268265
0.634393657360815
0.6320191077400933
0.6296386093148264
0.6272521844911723
0.62485985573107
0.6224616455520297
0.620057576526918
0.6176476712837483
0.6152319525054674
0.6128104429297394
0.6103831653487357
0.6079501426089161
0.6055113976108182
0.6030669533088385
0.6006168327110172
0.5981610588788235
0.5956996549269349
0.5932326440230236
0.590760049387535
0.5882818942934728
0.585798202066175
0.5833089960831
0.5808142997736014
0.5783141366187123
0.575808530150919
0.5732975039539452
0.570781081662525
0.5682592869621835
0.565732143589013
0.563199675329449
0.5606619060200477
0.5581188595472605
0.5555705598472083
0.5530170309054596
0.5504582967568005
0.5478943814850119
0.54532530922264
0.542751104150772
0.5401717904988064
0.5375873925442256
0.5349979346123669
0.532403441076195
0.5298039363560713
0.5271994449195236
0.5245899912810182
0.5219756000017257
0.5193562956892929
0.5167321029976092
0.5141030466265762
0.5114691513218732
0.5088304418747263
0.5061869431216734
0.5035386799443319
0.5008856772691631
0.4982279600672387
0.4955655533540054
0.49289848218904875
0.49022677167585865
0.4875504469615916
0.4848695332368354
0.48218405573537104
0.47949403973393545
0.47679951055198355
0.47410049355145034
0.471397014136512
0.46868909775334583
0.46597676988989284
0.46326005607561527
0.4605389818812585
0.4578135729186088
0.45508385484025393
0.45234985333933947
0.44961159414932916
0.44686910304376093
0.4441224058360061
0.4413715283790244
0.4386164965651221
0.4358573363257085
0.43309407363104985
0.4303267344900275
0.42755534494989084
0.4247799310960145
0.42200051905165
0.4192171349776824
0.41642980507238236
0.41363855557116086
0.4108434127463209
0.40804440290681127
0.40524155239797915
0.4024348876013204
0.39962443493423305
0.396810220849768
0.3939922718363804
0.39117061441767886
0.3883452751521785
0.38551628063304744
0.38268365748786043
0.37984743237834495
0.3770076320001317
0.37416428308250393
0.3713174123881441
0.3684670467128834
0.365613212885449
0.36275593776721227
0.35989524825193464
0.3570311712655152
0.35416373376573695
0.3512929627420143
0.34841888521513736
0.34554152823701795
0.34266091889043643
0.3397770842887846
0.33689005157581203
0.3339998479253701
0.3311065005411568
0.3282100366564591
0.32531048353389846
0.32240786846517283
0.31950221877080115
0.3165935617998646
0.3136819249297504
0.310767335565894
0.3078498211415201
0.30492940911738564
0.30200612698152096
0.29908000224897097
0.29615106246153566
0.2932193351875123
0.29028484802143395
0.28734762858381185
0.28440770452087394
0.28146510350430487
0.27851985323098655
0.2755719814227358
0.27262151582604505
0.2696684842118199
0.26671291437511896
0.2637548341348908
0.2607942713337136
0.2578312538375313
0.25486580953539373
0.2518979663391917
0.24892775218339563
0.24595519502479274
0.2429803228422226
0.2400031636363155
0.23702374542922738
0.23404209626437752
0.2310582442061832
0.22807221733979663
0.22508404377083938
0.22209375162513958
0.21910136904846558
0.21610692420626165
0.21311044528338366
0.21011196048383182
0.20711149803048734
0.20410908616484527
0.20110475314674994
0.1980985272541277
0.19509043678272173
0.1920805100458247
0.18906877537401384
0.18605526111488285
0.18303999563277534
0.18002300730851872
0.17700432453915593
0.1739839757376791
0.17096198933276094
0.16793839376848888
0.16491321750409565
0.16188648901369235
0.1588582367860007
0.15582848932408339
0.15279727514507774
0.14976462277992575
0.14673056077310678
0.14369511768236787
0.14065832207845552
0.13762020254484603
0.13458078767747805
0.1315401060844817
0.12849818638590996
0.12545505721347
0.12241074721025212
0.11936528503046175
0.1163186993391484
0.11327101881193742
0.1102222721347583
0.10717248800357622
0.1041216951241202
0.10106992221161544
0.09801719799051056
0.09496355119420838
0.09190901056479606
0.08885360485277279
0.085797362816781
0.08274031322333443
0.07968248484654859
0.0766239064678684
0.07356460687579873
0.07050461486563184
0.06744395923917858
0.06438266880449504
0.06132077237561253
0.05825829877226691
0.05519527681962549
0.052131735348017724
0.04906770319266241
0.04600320919339754
0.04293828219440744
0.03987295104395261
0.03680724459409667
0.033741191700436865
0.030674821221830517
0.02760816202012419
0.024541242959882793
0.021474092908115958
0.01840674073400839
0.01533921530864667
0.012271545504748757
0.009203760196390895
0.006135888258737054
0.0030679585677657164
1.2240095213106546e-16
-0.0030679585677654705
-0.006135888258736811
-0.009203760196390647
-0.012271545504748514
-0.015339215308646426
-0.018406740734008147
-0.02147409290811571
-0.024541242959882543
-0.027608162020123946
-0.030674821221830274
-0.03374119170043661
-0.03680724459409643
-0.039872951043952366
-0.0429382821944072
-0.04600320919339729
-0.049067703192662175
-0.05213173534801748
-0.05519527681962524
-0.058258298772266674
-0.06132077237561226
-0.06438266880449481
-0.06744395923917831
-0.07050461486563162
-0.07356460687579848
-0.07662390646786815
-0.07968248484654834
-0.08274031322333422
-0.08579736281678073
-0.08885360485277252
-0.09190901056479583
-0.09496355119420813
-0.09801719799051031
-0.10106992221161522
-0.10412169512411995
-0.10717248800357593
-0.11022227213475808
-0.11327101881193719
-0.11631869933914817
-0.11936528503046147
-0.12241074721025186
-0.12545505721346978
-0.12849818638590968
-0.13154010608448144
-0.13458078767747783
-0.1376202025448458
-0.14065832207845527
-0.14369511768236762
-0.14673056077310656
-0.1497646227799255
-0.1527972751450775
-0.15582848932408316
-0.1588582367860005
-0.1618864890136921
-0.16491321750409543
-0.1679383937684886
-0.17096198933276066
-0.1739839757376789
-0.17700432453915574
-0.18002300730851847
-0.1830399956327751
-0.18605526111488258
-0.18906877537401365
-0.19208051004582438
-0.1950904367827215
-0.19809852725412744
-0.2011047531467497
-0.20410908616484502
-0.20711149803048706
-0.21011196048383163
-0.21311044528338344
-0.21610692420626143
-0.21910136904846533
-0.22209375162513928
-0.22508404377083915
-0.22807221733979638
-0.231058244206183
-0.23404209626437725
-0.23702374542922713
-0.24000316363631524
-0.2429803228422224
-0.24595519502479252
-0.24892775218339544
-0.2518979663391915
-0.2548658095353935
-0.25783125383753114
-0.2607942713337133
-0.26375483413489054
-0.2667129143751188
-0.26966848421181966
-0.27262151582604494
-0.2755719814227356
-0.27851985323098627
-0.28146510350430465
-0.28440770452087366
-0.2873476285838117
-0.2902848480214337
-0.29321933518751203
-0.2961510624615355
-0.29908000224897063
-0.30200612698152074
-0.3049294091173856
-0.3078498211415198
-0.3107673355658938
-0.3136819249297501
-0.3165935617998644
-0.3195022187708009
-0.32240786846517255
-0.3253104835338982
-0.3282100366564588
-0.33110650054115653
-0.33399984792536996
-0.3368900515758118
-0.3397770842887844
-0.34266091889043626
-0.3455415282370177
-0.34841888521513714
-0.3512929627420141
-0.3541637337657368
-0.3570311712655149
-0.35989524825193453
-0.36275593776721204
-0.36561321288544885
-0.3684670467128831
-0.3713174123881438
-0.37416428308250377
-0.3770076320001313
-0.37984743237834473
-0.3826836574878602
-0.3855162806330473
-0.38834527515217826
-0.3911706144176787
-0.39399227183638
-0.39681022084976786
-0.3996244349342329
-0.40243488760132
-0.40524155239797904
-0.40804440290681104
-0.4108434127463207
-0.41363855557116064
-0.4164298050723822
-0.4192171349776822
-0.4220005190516497
-0.4247799310960142
-0.42755534494989067
-0.4303267344900271
-0.4330940736310497
-0.4358573363257083
-0.43861649656512186
-0.44137152837902416
-0.4441224058360057
-0.44686910304376076
-0.4496115941493289
-0.45234985333933914
-0.45508385484025365
-0.45781357291860864
-0.4605389818812582
-0.4632600560756151
-0.46597676988989256
-0.4686890977533457
-0.4713970141365118
-0.47410049355145023
-0.4767995105519834
-0.47949403973393534
-0.4821840557353708
-0.48486953323683524
-0.48755044696159133
-0.49022677167585843
-0.4928984821890485
-0.4955655533540052
-0.49822796006723846
-0.5008856772691629
-0.5035386799443318
-0.5061869431216732
-0.5088304418747261
-0.5114691513218729
-0.514103046626576
-0.516732102997609
-0.5193562956892926
-0.5219756000017257
-0.524589991281018
-0.5271994449195234
-0.5298039363560711
-0.5324034410761949
-0.5349979346123666
-0.5375873925442254
-0.5401717904988061
-0.5427511041507719
-0.5453253092226398
-0.5478943814850116
-0.5504582967568002
-0.5530170309054594
-0.5555705598472082
-0.55811885954726
-0.5606619060200475
-0.5631996753294488
-0.5657321435890128
-0.5682592869621833
-0.5707810816625248
-0.5732975039539449
-0.575808530150919
-0.578314136618712
-0.5808142997736014
-0.5833089960830998
-0.5857982020661748
-0.5882818942934723
-0.590760049387535
-0.5932326440230233
-0.5956996549269347
-0.5981610588788232
-0.600616832711017
-0.6030669533088382
-0.6055113976108181
-0.6079501426089161
-0.6103831653487354
-0.6128104429297394
-0.6152319525054671
-0.6176476712837483
-0.6200575765269177
-0.6224616455520294
-0.62485985573107
-0.6272521844911719
-0.6296386093148261
-0.6320191077400932
-0.6343936573608148
-0.6367622358268263
-0.6391248208441646
-0.6414813901752802
-0.6438319216392442
-0.6461763931119607
-0.6485147825263696
-0.6508470678726607
-0.653173227198475
-0.6554932386091156
-0.6578070802677513
-0.6601147303956233
-0.6624161672722497
-0.6647113692356298
-0.6670003146824492
-0.6692829820682811
-0.6715593499077911
-0.6738293967749378
-0.6760931013031757
-0.6783504421856558
-0.6806013981754258
-0.6828459480856307
-0.6850840707897119
-0.6873157452216064
-0.6895409503759439
-0.6917596653082467
-0.6939718691351244
-0.6961775410344726
-0.6983766602456667
-0.7005692060697594
-0.7027551578696746
-0.704934495070401
-0.7071071971591872
-0.7092732436857339
-0.7114326142623859
-0.7135852885643251
-0.7157312463297605
-0.7178704673601215
-0.7200029315202443
-0.7221286187385639
-0.7242475090073034
-0.7263595823826596
-0.7284648189849945
-0.7305631989990189
-0.7326547026739809
-0.7347393103238516
-0.7368170023275099
-0.7388877591289271
-0.7409515612373517
-0.7430083892274925
-0.7450582237397007
-0.7471010454801532
-0.7491368352210342
-0.7511655738007151
-0.7531872421239356
-0.7552018211619839
-0.7572092919528741
-0.7592096356015274
-0.7612028332799475
-0.7631888662273977
-0.7651677157505812
-0.7671393632238107
-0.7691037900891909
-0.7710609778567877
-0.7730109081048032
-0.7749535624797532
-0.7768889226966333
-0.7788169705390967
-0.7807376878596232
-0.7826510565796893
-0.7845570586899395
-0.7864556762503574
-0.78834689139043
-0.790230686309321
-0.7921070432760352
-0.7939759446295854
-0.7958373727791613
-0.7976913102042916
-0.7995377394550115
-0.8013766431520256
-0.803208003986872
-0.8050318047220846
-0.8068480281913574
-0.8086566572997018
-0.8104576750236133
-0.8122510644112267
-0.8140368085824775
-0.8158148907292619
-0.8175852941155941
-0.8193480020777617
-0.821102998024488
-0.8228502654370813
-0.8245897878695952
-0.8263215489489837
-0.8280455323752499
-0.8297617219216066
-0.8314701014346241
-0.8331706548343827
-0.8348633661146272
-0.8365482193429146
-0.8382251986607633
-0.8398942882838065
-0.8415554725019367
-0.8432087356794548
-0.8448540622552193
-0.8464914367427885
-0.8481208437305712
-0.8497422678819682
-0.8513556939355168
-0.8529611067050376
-0.854558491079774
-0.8561478320245353
-0.8577291145798404
-0.8593023238620544
-0.860867445063533
-0.8624244634527595
-0.8639733643744832
-0.8655141332498597
-0.8670467555765848
-0.8685712169290338
-0.8700875029583957
-0.8715955993928091
-0.873095492037495
-0.8745871667748949
-0.8760706095647958
-0.87754580644447
-0.879012743528803
-0.8804714070104237
-0.8819217831598363
-0.883363858325548
-0.8847976189341978
-0.8862230514906855
-0.8876401425782964
-0.8890488788588292
-0.890449247072723
-0.8918412340391771
-0.8932248266562809
-0.8946000119011339
-0.8959667768299682
-0.8973251085782724
-0.8986749943609104
-0.9000164214722431
-0.9013493772862481
-0.9026738492566371
-0.9039898249169753
-0.9052972918807995
-0.9065962378417318
-0.9078866505735987
-0.9091685179305441
-0.9104418278471434
-0.9117065683385199
-0.912962727500454
-0.9142102935094967
-0.9154492546230822
-0.9166795991796367
-0.9179013155986879
-0.9191143923809768
-0.9203188181085616
-0.9215145814449293
-0.9227016711350996
-0.9238800760057324
-0.9250497849652325
-0.9262107870038535
-0.9273630711938016
-0.9285066266893397
-0.9296414427268883
-0.9307675086251257
-0.9318848137850915
-0.9329933476902836
-0.9340930999067589
-0.9351840600832311
-0.9362662179511672
-0.9373395633248844
-0.9384040861016485
-0.9394597762617651
-0.9405066238686766
-0.9415446190690546
-0.9425737520928926
-0.9435940132535989
-0.9446053929480872
-0.9456078816568659
-0.9466014699441304
-0.9475861484578484
-0.9485619079298511
-0.9495287391759192
-0.9504866330958678
-0.9514355806736359
-0.9523755729773661
-0.9533066011594935
-0.9542286564568263
-0.9551417301906286
-0.9560458137667031
-0.9569408986754705
-0.9578269764920512
-0.9587040388763424
-0.9595720775730999
-0.9604310844120124
-0.9612810513077803
-0.9621219702601921
-0.9629538333541974
-0.9637766327599848
-0.9645903607330527
-0.9653950096142829
-0.9661905718300147
-0.9669770398921127
-0.9677544063980406
-0.9685226640309282
-0.9692818055596422
-0.9700318238388541
-0.9707727118091054
-0.9715044624968764
-0.9722270690146516
-0.9729405245609829
-0.9736448224205544
-0.9743399559642473
-0.9750259186491993
-0.9757027040188687
-0.9763703057030939
-0.9770287174181536
-0.9776779329668258
-0.9783179462384463
-0.9789487512089671
-0.9795703419410108
-0.9801827125839294
-0.9807858573738566
-0.9813797706337646
-0.9819644467735148
-0.9825398802899131
-0.9831060657667603
-0.983662997874903
-0.9842106713722837
-0.9847490811039911
-0.9852782220023079
-0.9857980890867581
-0.9863086774641552
-0.9868099823286466
-0.98730199896176
-0.9877847227324476
-0.9882581490971291
-0.9887222735997357
-0.9891770918717505
-0.9896225996322511
-0.9900587926879483
-0.9904856669332271
-0.9909032183501849
-0.9913114430086678
-0.991710337066311
-0.9920998967685711
-0.9924801184487636
-0.9928509985280979
-0.9932125335157088
-0.9935647200086918
-0.9939075546921331
-0.9942410343391422
-0.994565155810882
-0.9948799160565973
-0.9951853121136452
-0.9954813411075212
-0.995768000251888
-0.996045286848601
-0.996313198287732
-0.9965717320475979
-0.9968208856947789
-0.9970606568841476
-0.997291043358885
-0.9975120429505067
-0.9977236535788798
-0.9979258732522446
-0.9981187000672328
-0.9983021322088845
-0.9984761679506673
-0.9986408056544899
-0.9987960437707195
-0.998941880838196
-0.9990783154842455
-0.9992053464246932
-0.9993229724638749
-0.9994311924946502
-0.9995300054984108
-0.9996194105450908
-0.9996994067931761
-0.9997699934897114
-0.9998311699703082
-0.9998829356591497
-0.9999252900689976
-0.9999582328011964
-0.999981763545676
-0.9999958820809567
-1.0000005882741492
-0.9999958820809565
-0.9999817635456761
-0.9999582328011963
-0.9999252900689976
-0.9998829356591497
-0.9998311699703081
-0.9997699934897114
-0.999699406793176
-0.9996194105450908
-0.9995300054984106
-0.9994311924946502
-0.9993229724638749
-0.9992053464246929
-0.9990783154842455
-0.998941880838196
-0.9987960437707195
-0.9986408056544899
-0.9984761679506673
-0.9983021322088848
-0.9981187000672328
-0.9979258732522447
-0.9977236535788795
-0.9975120429505063
-0.997291043358885
-0.9970606568841474
-0.996820885694779
-0.9965717320475977
-0.996313198287732
-0.9960452868486008
-0.995768000251888
-0.9954813411075212
-0.9951853121136452
-0.9948799160565973
-0.994565155810882
-0.9942410343391425
-0.993907554692133
-0.9935647200086918
-0.9932125335157088
-0.9928509985280979
-0.9924801184487638
-0.9920998967685709
-0.9917103370663108
-0.9913114430086681
-0.9909032183501846
-0.990485666933227
-0.9900587926879483
-0.9896225996322512
-0.9891770918717505
-0.9887222735997359
-0.9882581490971293
-0.9877847227324477
-0.98730199896176
-0.9868099823286466
-0.9863086774641555
-0.9857980890867584
-0.9852782220023081
-0.9847490811039912
-0.9842106713722837
-0.983662997874903
-0.9831060657667604
-0.9825398802899131
-0.9819644467735148
-0.9813797706337646
-0.9807858573738566
-0.9801827125839294
-0.979570341941011
-0.9789487512089671
-0.9783179462384467
-0.9776779329668258
-0.9770287174181536
-0.976370305703094
-0.975702704018869
-0.9750259186491993
-0.9743399559642474
-0.9736448224205544
-0.9729405245609829
-0.9722270690146515
-0.9715044624968766
-0.9707727118091056
-0.9700318238388541
-0.9692818055596425
-0.9685226640309283
-0.9677544063980406
-0.9669770398921129
-0.9661905718300146
-0.9653950096142833
-0.9645903607330527
-0.9637766327599849
-0.9629538333541977
-0.9621219702601922
-0.9612810513077806
-0.9604310844120124
-0.9595720775731
-0.9587040388763425
-0.9578269764920512
-0.9569408986754707
-0.9560458137667031
-0.955141730190629
-0.9542286564568263
-0.9533066011594936
-0.9523755729773662
-0.9514355806736359
-0.950486633095868
-0.9495287391759194
-0.9485619079298513
-0.9475861484578484
-0.9466014699441305
-0.9456078816568659
-0.9446053929480873
-0.943594013253599
-0.9425737520928926
-0.9415446190690547
-0.9405066238686767
-0.939459776261765
-0.938404086101649
-0.9373395633248844
-0.936266217951167
-0.9351840600832313
-0.934093099906759
-0.9329933476902841
-0.9318848137850915
-0.9307675086251258
-0.9296414427268883
-0.92850662668934
-0.9273630711938018
-0.9262107870038535
-0.9250497849652325
-0.9238800760057324
-0.9227016711351
-0.921514581444929
-0.9203188181085619
-0.9191143923809768
-0.9179013155986879
-0.9166795991796368
-0.9154492546230822
-0.9142102935094968
-0.912962727500454
-0.91170656833852
-0.9104418278471437
-0.9091685179305441
-0.907886650573599
-0.9065962378417319
-0.9052972918808
-0.9039898249169753
-0.9026738492566372
-0.9013493772862481
-0.9000164214722433
-0.8986749943609106
-0.8973251085782725
-0.8959667768299684
-0.894600011901134
-0.893224826656281
-0.8918412340391775
-0.890449247072723
-0.8890488788588298
-0.8876401425782964
-0.8862230514906856
-0.8847976189341978
-0.8833638583255484
-0.8819217831598363
-0.8804714070104237
-0.8790127435288033
-0.8775458064444699
-0.876070609564796
-0.8745871667748949
-0.8730954920374956
-0.8715955993928091
-0.8700875029583958
-0.8685712169290338
-0.8670467555765854
-0.8655141332498598
-0.8639733643744836
-0.8624244634527599
-0.860867445063533
-0.8593023238620545
-0.8577291145798406
-0.8561478320245354
-0.8545584910797743
-0.8529611067050378
-0.851355693935517
-0.8497422678819683
-0.8481208437305715
-0.8464914367427887
-0.8448540622552195
-0.8432087356794552
-0.8415554725019369
-0.8398942882838067
-0.8382251986607632
-0.8365482193429148
-0.8348633661146275
-0.8331706548343829
-0.8314701014346241
-0.8297617219216069
-0.8280455323752502
-0.8263215489489838
-0.8245897878695956
-0.8228502654370815
-0.8211029980244883
-0.819348002077762
-0.8175852941155941
-0.8158148907292624
-0.8140368085824775
-0.812251064411227
-0.8104576750236134
-0.8086566572997022
-0.8068480281913576
-0.8050318047220848
-0.8032080039868722
-0.8013766431520258
-0.7995377394550117
-0.7976913102042918
-0.7958373727791614
-0.7939759446295855
-0.7921070432760353
-0.7902306863093211
-0.7883468913904299
-0.7864556762503577
-0.7845570586899397
-0.7826510565796895
-0.7807376878596235
-0.7788169705390968
-0.7768889226966338
-0.7749535624797532
-0.7730109081048036
-0.771060977856788
-0.7691037900891912
-0.7671393632238109
-0.7651677157505813
-0.763188866227398
-0.7612028332799476
-0.7592096356015278
-0.7572092919528745
-0.7552018211619842
-0.7531872421239358
-0.7511655738007152
-0.7491368352210347
-0.7471010454801535
-0.7450582237397007
-0.7430083892274929
-0.7409515612373517
-0.7388877591289276
-0.73681700232751
-0.7347393103238519
-0.7326547026739815
-0.7305631989990192
-0.7284648189849945
-0.7263595823826604
-0.7242475090073033
-0.7221286187385639
-0.7200029315202447
-0.7178704673601216
-0.7157312463297612
-0.7135852885643252
-0.7114326142623859
-0.7092732436857343
-0.7071071971591877
-0.7049344950704013
-0.7027551578696751
-0.7005692060697595
-0.6983766602456667
-0.6961775410344729
-0.6939718691351245
-0.6917596653082472
-0.6895409503759445
-0.6873157452216063
-0.6850840707897127
-0.6828459480856308
-0.680601398175426
-0.6783504421856563
-0.6760931013031759
-0.6738293967749379
-0.6715593499077914
-0.6692829820682811
-0.6670003146824497
-0.6647113692356301
-0.6624161672722495
-0.6601147303956237
-0.6578070802677517
-0.6554932386091158
-0.6531732271984756
-0.6508470678726608
-0.6485147825263698
-0.646176393111961
-0.6438319216392445
-0.6414813901752804
-0.6391248208441649
-0.6367622358268262
-0.6343936573608151
-0.6320191077400933
-0.6296386093148262
-0.6272521844911728
-0.6248598557310702
-0.6224616455520294
-0.6200575765269181
-0.6176476712837484
-0.6152319525054678
-0.6128104429297396
-0.6103831653487354
-0.6079501426089164
-0.6055113976108183
-0.6030669533088384
-0.6006168327110176
-0.5981610588788232
-0.5956996549269348
-0.5932326440230239
-0.590760049387535
-0.588281894293473
-0.5857982020661753
-0.5833089960830997
-0.5808142997736019
-0.5783141366187122
-0.5758085301509193
-0.5732975039539456
-0.570781081662525
-0.5682592869621834
-0.5657321435890134
-0.5631996753294489
-0.5606619060200482
-0.5581188595472605
-0.5555705598472082
-0.5530170309054598
-0.5504582967568006
-0.5478943814850117
-0.5453253092226404
-0.5427511041507721
-0.5401717904988064
-0.5375873925442258
-0.5349979346123669
-0.5324034410761955
-0.5298039363560716
-0.5271994449195236
-0.5245899912810185
-0.5219756000017258
-0.5193562956892928
-0.5167321029976096
-0.5141030466265762
-0.5114691513218732
-0.5088304418747268
-0.5061869431216733
-0.5035386799443322
-0.5008856772691633
-0.4982279600672385
-0.4955655533540056
-0.49289848218904886
-0.4902267716758586
-0.48755044696159205
-0.4848695332368354
-0.48218405573537104
-0.4794940397339358
-0.4767995105519834
-0.47410049355145084
-0.4713970141365122
-0.46868909775334583
-0.46597676988989317
-0.4632600560756154
-0.46053898188125847
-0.4578135729186094
-0.4550838548402539
-0.45234985333933936
-0.4496115941493294
-0.44686910304376093
-0.4441224058360064
-0.4413715283790246
-0.4386164965651221
-0.4358573363257088
-0.4330940736310499
-0.4303267344900273
-0.42755534494989145
-0.4247799310960145
-0.42200051905165
-0.41921713497768265
-0.41642980507238225
-0.41363855557116125
-0.41084341274632113
-0.4080444029068112
-0.4052415523979795
-0.4024348876013205
-0.399624434934233
-0.39681022084976864
-0.3939922718363803
-0.3911706144176789
-0.3883452751521787
-0.3855162806330474
-0.3826836574878608
-0.3798474323783451
-0.37700763200013165
-0.3741642830825042
-0.3713174123881441
-0.3684670467128831
-0.3656132128854494
-0.3627559377672125
-0.35989524825193453
-0.35703117126551553
-0.35416373376573695
-0.35129296274201427
-0.3484188852151377
-0.3455415282370179
-0.34266091889043676
-0.3397770842887847
-0.3368900515758117
-0.3339998479253706
-0.3311065005411569
-0.3282100366564589
-0.32531048353389885
-0.3224078684651729
-0.31950221877080087
-0.31659356179986503
-0.31368192492975033
-0.3107673355658943
-0.30784982114152026
-0.30492940911738536
-0.30200612698152124
-0.29908000224897097
-0.2961510624615356
-0.29321933518751264
-0.29028484802143395
-0.28734762858381174
-0.28440770452087427
-0.28146510350430476
-0.27851985323098677
-0.275571981422736
-0.27262151582604477
-0.2696684842118202
-0.26671291437511907
-0.2637548341348907
-0.2607942713337139
-0.2578312538375313
-0.25486580953539356
-0.25189796633919204
-0.24892775218339552
-0.24595519502479296
-0.24298032284222282
-0.24000316363631513
-0.23702374542922774
-0.2340420962643777
-0.23105824420618312
-0.228072217339797
-0.22508404377083935
-0.22209375162513936
-0.21910136904846594
-0.21610692420626157
-0.21311044528338396
-0.21011196048383196
-0.207111498030487
-0.2041090861648456
-0.2011047531467501
-0.19809852725412758
-0.19509043678272203
-0.1920805100458247
-0.18906877537401365
-0.18605526111488319
-0.1830399956327752
-0.18002300730851914
-0.17700432453915624
-0.17398397573767874
-0.1709619893327613
-0.16793839376848899
-0.16491321750409557
-0.16188648901369299
-0.1588582367860006
-0.15582848932408322
-0.1527972751450781
-0.1497646227799256
-0.14673056077310725
-0.14369511768236815
-0.1406583220784551
-0.13762020254484642
-0.13458078767747816
-0.13154010608448155
-0.12849818638591057
-0.12545505721346994
-0.12241074721025194
-0.11936528503046209
-0.11631869933914829
-0.11327101881193788
-0.11022227213475859
-0.10717248800357582
-0.10412169512412055
-0.10106992221161558
-0.09801719799051047
-0.09496355119420903
-0.09190901056479599
-0.08885360485277259
-0.08579736281678137
-0.08274031322333433
-0.07968248484654902
-0.07662390646786872
-0.07356460687579833
-0.07050461486563223
-0.06744395923917867
-0.06438266880449493
-0.06132077237561317
-0.05825829877226684
-0.05519527681962531
-0.05213173534801808
-0.04906770319266231
-0.046003209193397954
-0.042938282194407755
-0.03987295104395222
-0.03680724459409702
-0.03374119170043698
-0.030674821221830413
-0.027608162020124772
-0.024541242959883015
-0.021474092908114136
-0.01840674073401829
-0.015339215308590982
-0.012271545505073091
-0.009203760194503337
-0.00613588826973993
-0.0030679585036343365
-3.737873974898743e-10
